43	41	1.925	0	8
51	49	1.925	6	14
30	29	1.2025	14	20
10	9	1.2025	15	21
47	45	1.925	15	23
56	57	0.7025	22	28
4	5	0.7025	28	34
31	29	1.925	34	42
38	37	1.2025	37	43
16	17	0.7025	55	61
26	25	1.2025	55	61
54	53	1.2025	56	62
52	53	0.7025	63	69
27	25	1.925	62	70
22	21	1.2025	66	72
55	53	1.925	56	73
35	33	1.925	69	77
7	5	1.925	86	94
46	45	1.2025	98	104
36	37	0.7025	100	106
18	17	1.2025	104	110
59	57	1.925	102	110
42	41	1.2025	109	115
23	21	1.925	110	118
0	1	0.7025	114	120
7	5	1.925	112	120
2	1	1.2025	126	132
52	53	0.7025	130	136
62	61	1.2025	132	138
2	1	1.2025	134	140
40	41	0.7025	134	140
44	45	0.7025	134	140
11	9	1.925	134	142
50	49	1.2025	136	142
58	57	1.2025	136	142
48	49	0.7025	137	146
60	61	0.7025	146	152
12	13	0.7025	147	153
19	17	1.925	146	154
63	61	1.925	146	156
24	25	0.7025	152	158
34	33	1.2025	152	158
6	5	1.2025	162	168
14	13	1.2025	168	174
20	21	0.7025	169	175
39	37	1.925	168	176
28	29	0.7025	172	178
32	33	0.7025	174	180
38	37	1.2025	176	182
26	25	1.2025	182	188
39	37	1.925	174	192
3	1	1.925	185	193
62	61	1.2025	189	195
27	25	1.925	182	197
36	37	0.7025	192	198
8	9	0.7025	193	199
18	17	1.2025	197	203
6	5	1.2025	198	204
63	61	1.925	196	204
15	13	1.925	198	206
3	1	1.925	212	220
47	45	1.925	221	229
4	5	0.7025	232	238
16	17	0.7025	233	239
30	29	1.2025	235	241
24	25	0.7025	236	242
23	21	1.925	237	245
42	41	1.2025	243	249
55	53	1.925	253	261
40	41	0.7025	277	283
58	57	1.2025	282	288
50	49	1.2025	284	290
44	45	0.7025	286	292
31	29	1.925	286	294
57	58	0.7025	291	297
41	42	0.7025	296	302
1	2	0.7025	301	307
60	61	0.7025	303	309
48	49	0.7025	304	310
54	53	1.2025	306	312
32	33	0.7025	307	313
46	45	1.2025	313	319
20	21	0.7025	316	322
28	29	0.7025	316	322
11	9	1.925	316	324
12	13	0.7025	318	324
34	33	1.2025	318	324
19	17	1.925	318	326
23	22	1.2025	321	327
15	13	1.925	323	331
56	57	0.7025	326	332
43	41	1.925	328	336
51	49	1.925	329	337
10	9	1.2025	333	339
14	13	1.2025	333	339
59	57	1.925	335	343
8	9	0.7025	338	344
22	21	1.2025	340	346
0	1	0.7025	341	347
33	34	0.7025	343	349
17	18	0.7025	352	358
35	33	1.925	354	362
59	58	1.2025	365	371
20	22	1.665	364	372
0	2	1.665	366	374
37	38	0.7025	370	376
63	62	1.2025	370	376
3	2	1.2025	373	379
32	34	1.665	382	390
16	18	1.665	386	394
53	54	0.7025	394	400
25	26	0.7025	395	401
9	10	0.7025	403	409
15	14	1.2025	403	409
19	18	1.2025	404	410
47	46	1.2025	404	410
7	6	1.2025	410	416
52	54	1.665	408	416
31	30	1.2025	411	417
28	30	1.665	415	423
61	62	0.7025	426	432
7	5	1.925	430	438
40	42	1.665	433	441
2	1	1.2025	436	442
62	61	1.2025	436	442
45	46	0.7025	442	448
55	54	1.2025	445	451
39	38	1.2025	446	452
12	14	1.665	448	456
44	46	1.665	441	456
27	26	1.2025	453	459
36	38	1.665	453	461
5	6	0.7025	459	465
13	14	0.7025	462	468
56	58	1.665	465	473
4	6	1.665	462	477
11	10	1.2025	472	478
43	42	1.2025	475	481
51	50	1.2025	478	484
24	26	1.665	477	485
21	22	0.7025	482	488
24	25	0.7025	485	492
32	33	0.7025	486	492
49	50	0.7025	487	493
41	42	0.7025	489	495
35	34	1.2025	492	498
11	9	1.925	495	503
16	17	0.7025	499	505
60	62	1.665	504	512
48	50	1.665	505	513
34	33	1.2025	508	514
47	45	1.925	508	516
30	29	1.2025	512	518
50	49	1.2025	516	522
29	30	0.7025	520	526
44	45	0.7025	523	529
8	10	1.665	523	531
60	61	0.7025	525	531
19	17	1.925	525	533
6	5	1.2025	533	539
56	57	0.7025	533	539
26	25	1.2025	540	546
21	22	0.7025	543	549
33	34	0.7025	547	553
59	57	1.925	546	554
4	5	0.7025	559	565
35	33	1.925	558	566
54	53	1.2025	560	566
22	21	1.2025	564	570
43	41	1.925	563	571
1	2	0.7025	571	577
15	13	1.925	571	579
40	41	0.7025	573	579
45	46	0.7025	574	580
0	1	0.7025	579	585
46	45	1.2025	581	587
49	50	0.7025	581	587
23	21	1.925	580	588
27	25	1.925	588	596
58	57	1.2025	594	600
31	29	1.925	596	604
5	6	0.7025	601	607
61	62	0.7025	603	609
53	54	0.7025	605	611
39	37	1.925	612	620
13	14	0.7025	616	622
10	9	1.2025	623	629
28	29	0.7025	623	629
12	13	0.7025	624	630
52	53	0.7025	629	635
37	38	0.7025	631	637
20	21	0.7025	632	638
51	49	1.925	630	638
57	58	0.7025	633	639
63	61	1.925	632	640
29	30	0.7025	636	642
36	37	0.7025	640	646
38	37	1.2025	640	650
17	18	0.7025	645	651
55	53	1.925	644	652
18	17	1.2025	647	653
37	36	1.2025	647	653
3	1	1.925	646	654
14	13	1.2025	648	654
27	26	1.2025	650	656
42	41	1.2025	653	659
3	2	1.2025	655	661
12	14	1.665	656	664
8	9	0.7025	661	667
11	10	1.2025	663	669
48	49	0.7025	669	675
28	30	1.665	673	681
52	54	1.665	679	687
25	26	0.7025	684	690
57	56	1.2025	687	693
17	16	1.2025	690	696
41	40	1.2025	690	696
7	6	1.2025	694	700
9	10	0.7025	695	701
63	62	1.2025	695	701
59	58	1.2025	700	706
33	32	1.2025	703	709
40	42	1.665	701	709
56	58	1.665	706	714
32	34	1.665	707	715
0	2	1.665	709	717
13	12	1.2025	711	717
48	50	1.665	709	717
8	10	1.665	713	721
23	22	1.2025	728	734
5	4	1.2025	729	735
35	34	1.2025	731	737
36	38	1.665	732	740
45	44	1.2025	748	754
24	26	1.665	758	766
49	48	1.2025	767	773
62	60	1.925	766	774
39	38	1.2025	770	776
1	0	1.2025	771	777
31	30	1.2025	771	777
20	22	1.665	772	780
60	62	1.665	779	787
51	50	1.2025	782	788
1	0	1.2025	788	794
44	46	1.665	786	794
21	20	1.2025	792	798
41	40	1.2025	793	799
19	18	1.2025	799	805
47	46	1.2025	802	808
51	48	2.6475	798	808
61	60	1.2025	802	808
29	28	1.2025	804	810
16	18	1.665	807	815
14	12	1.925	809	817
54	52	1.925	812	820
15	14	1.2025	816	822
13	12	1.2025	818	824
21	20	1.2025	820	826
9	8	1.2025	824	830
55	54	1.2025	824	830
18	16	1.925	824	832
57	56	1.2025	832	838
3	0	2.6475	837	847
55	52	2.6475	838	848
46	44	1.925	844	852
63	60	2.6475	842	852
4	6	1.665	850	858
35	32	2.6475	851	861
43	42	1.2025	856	862
61	60	1.2025	859	865
11	8	2.6475	856	866
59	56	2.6475	856	866
39	36	2.6475	857	867
2	0	1.925	868	876
56	57	0.7025	875	881
42	40	1.925	875	883
50	48	1.925	876	884
58	56	1.925	878	886
33	32	1.2025	885	891
22	20	1.925	884	892
5	4	1.2025	888	894
43	40	2.6475	879	896
58	57	1.2025	891	897
30	28	1.925	895	903
7	4	2.6475	895	905
53	52	1.2025	906	912
45	44	1.2025	907	913
19	16	2.6475	907	917
47	44	2.6475	909	919
53	52	1.2025	911	919
10	8	1.925	912	920
31	28	2.6475	916	926
23	20	2.6475	918	928
17	16	1.2025	931	937
25	24	1.2025	938	944
6	4	1.925	954	962
37	36	1.2025	956	962
16	17	0.7025	965	971
34	32	1.925	964	972
7	5	1.925	959	974
29	28	1.2025	968	974
24	25	0.7025	971	977
35	33	1.925	971	979
11	9	1.925	972	980
15	12	2.6475	975	985
23	21	1.925	977	985
34	33	1.2025	972	985
26	24	1.925	980	988
12	13	0.7025	983	989
44	45	0.7025	986	992
15	13	1.925	990	998
27	24	2.6475	995	1005
38	36	1.925	997	1005
52	53	0.7025	999	1005
33	35	1.665	999	1007
41	43	1.665	999	1007
51	49	1.925	999	1007
46	45	1.2025	1003	1009
18	17	1.2025	1012	1018
29	31	1.665	1013	1021
20	21	0.7025	1016	1022
0	1	0.7025	1018	1024
9	8	1.2025	1023	1029
27	25	1.925	1021	1029
3	1	1.925	1025	1033
10	9	1.2025	1030	1036
5	7	1.665	1029	1037
9	11	1.665	1030	1038
13	15	1.665	1032	1040
49	48	1.2025	1035	1041
62	61	1.2025	1035	1041
63	61	1.925	1040	1048
61	63	1.665	1042	1050
8	9	0.7025	1052	1058
2	1	1.2025	1054	1060
22	21	1.2025	1057	1063
14	13	1.2025	1059	1065
21	23	1.665	1057	1065
47	45	1.925	1061	1069
17	19	1.665	1065	1073
36	37	0.7025	1069	1075
37	39	1.665	1070	1078
1	3	1.665	1076	1084
19	17	1.925	1076	1084
31	29	1.925	1078	1086
17	19	1.665	1082	1090
32	33	0.7025	1085	1091
45	47	1.665	1083	1091
62	60	1.925	1083	1091
39	37	1.925	1085	1093
54	53	1.2025	1088	1094
39	38	1.2025	1094	1100
4	5	0.7025	1095	1101
25	24	1.2025	1095	1101
41	43	1.665	1100	1108
59	57	1.925	1101	1109
3	2	1.2025	1107	1113
55	53	1.925	1105	1113
40	41	0.7025	1109	1115
50	49	1.2025	1112	1118
57	59	1.665	1114	1122
15	14	1.2025	1123	1129
26	25	1.2025	1123	1129
48	49	0.7025	1126	1132
42	41	1.2025	1141	1147
45	47	1.665	1141	1149
37	39	1.665	1144	1152
43	41	1.925	1139	1155
28	29	0.7025	1152	1158
60	61	0.7025	1158	1164
22	20	1.925	1158	1166
38	37	1.2025	1161	1167
24	26	1.665	1160	1168
30	29	1.2025	1163	1169
50	48	1.925	1162	1170
16	18	1.665	1168	1176
23	22	1.2025	1172	1178
33	35	1.665	1175	1183
48	50	1.665	1175	1183
25	27	1.665	1177	1185
56	58	1.665	1177	1185
49	51	1.665	1181	1191
47	46	1.2025	1190	1196
26	24	1.925	1189	1197
58	56	1.925	1189	1197
63	62	1.2025	1191	1197
6	5	1.2025	1192	1198
2	0	1.925	1196	1204
7	6	1.2025	1198	1204
5	7	1.665	1197	1205
27	26	1.2025	1199	1205
54	52	1.925	1200	1208
34	32	1.925	1202	1210
52	54	1.665	1204	1212
59	58	1.2025	1211	1217
12	14	1.665	1210	1218
53	55	1.665	1207	1220
40	42	1.665	1219	1227
10	8	1.925	1220	1228
21	23	1.665	1225	1233
1	3	1.665	1228	1236
31	30	1.2025	1231	1237
42	40	1.925	1232	1240
0	2	1.665	1236	1244
62	63	0.7025	1240	1246
4	6	1.665	1253	1261
46	44	1.925	1253	1261
29	31	1.665	1259	1267
13	15	1.665	1267	1275
44	46	1.665	1267	1275
35	34	1.2025	1270	1276
9	11	1.665	1269	1277
49	51	1.665	1273	1281
30	28	1.925	1285	1292
14	12	1.925	1287	1294
51	50	1.2025	1296	1302
11	10	1.2025	1299	1305
38	36	1.925	1298	1306
19	18	1.2025	1302	1308
8	10	1.665	1302	1310
7	4	2.6475	1304	1314
20	22	1.665	1311	1319
2	3	0.7025	1315	1321
28	30	1.665	1313	1321
18	16	1.925	1315	1323
55	54	1.2025	1318	1324
61	63	1.665	1316	1324
36	38	1.665	1317	1325
60	62	1.665	1316	1331
32	34	1.665	1324	1332
34	35	0.7025	1328	1334
58	59	0.7025	1336	1342
23	20	2.6475	1348	1358
58	57	1.2025	1352	1358
6	4	1.925	1354	1362
15	12	2.6475	1353	1363
55	52	2.6475	1355	1365
57	59	1.665	1361	1369
10	11	0.7025	1368	1374
18	19	0.7025	1372	1378
39	36	2.6475	1368	1378
2	1	1.2025	1377	1383
54	55	0.7025	1378	1384
53	55	1.665	1376	1392
31	28	2.6475	1385	1395
19	16	2.6475	1386	1396
43	42	1.2025	1405	1411
59	56	2.6475	1402	1412
25	27	1.665	1406	1414
35	32	2.6475	1419	1429
3	0	2.6475	1421	1431
46	47	0.7025	1426	1432
38	39	0.7025	1430	1436
34	33	1.2025	1433	1439
62	61	1.2025	1440	1446
14	15	0.7025	1441	1447
47	44	2.6475	1440	1450
12	15	2.6275	1446	1456
52	55	2.6275	1450	1460
56	59	2.6275	1451	1461
42	43	0.7025	1456	1462
54	53	1.2025	1460	1466
63	60	2.6475	1456	1466
22	23	0.7025	1461	1467
11	8	2.6475	1459	1469
50	51	0.7025	1466	1472
26	27	0.7025	1468	1474
51	48	2.6475	1469	1479
0	3	2.6275	1479	1489
43	40	2.6475	1480	1490
27	24	2.6475	1484	1494
40	43	2.6275	1497	1507
30	31	0.7025	1504	1510
44	47	2.6275	1500	1510
6	7	0.7025	1513	1519
17	18	0.7025	1518	1524
42	41	1.2025	1528	1534
52	53	0.7025	1529	1535
18	17	1.2025	1530	1536
36	39	2.6275	1542	1552
56	57	0.7025	1553	1559
29	30	0.7025	1555	1561
12	13	0.7025	1563	1569
26	25	1.2025	1564	1570
16	19	2.6275	1565	1575
4	7	2.6275	1566	1576
24	27	2.6275	1567	1577
38	37	1.2025	1574	1580
1	2	0.7025	1580	1586
48	51	2.6275	1586	1596
28	31	2.6275	1591	1601
14	13	1.2025	1603	1609
22	21	1.2025	1608	1614
63	61	1.925	1612	1620
46	45	1.2025	1619	1625
50	49	1.2025	1620	1626
18	19	0.7025	1628	1634
34	35	0.7025	1628	1634
54	55	0.7025	1630	1636
7	5	1.925	1635	1643
8	11	2.6275	1636	1646
22	23	0.7025	1641	1647
5	6	0.7025	1642	1648
19	17	1.925	1641	1649
30	29	1.2025	1643	1649
40	41	0.7025	1646	1652
58	59	0.7025	1647	1653
16	17	0.7025	1646	1654
60	63	2.6275	1651	1661
39	37	1.925	1655	1663
5	6	0.7025	1659	1665
32	35	2.6275	1655	1665
62	63	0.7025	1660	1668
17	18	0.7025	1663	1669
10	9	1.2025	1665	1671
33	34	0.7025	1659	1671
48	49	0.7025	1665	1671
23	21	1.925	1664	1672
6	5	1.2025	1678	1684
13	14	0.7025	1680	1686
31	29	1.925	1682	1690
27	25	1.925	1684	1692
52	54	1.665	1685	1693
20	23	2.6275	1684	1694
62	61	1.2025	1689	1695
36	37	0.7025	1690	1696
59	57	1.925	1689	1697
38	39	0.7025	1692	1698
55	53	1.925	1690	1698
21	22	0.7025	1692	1700
30	31	0.7025	1697	1703
46	47	0.7025	1700	1706
2	3	0.7025	1703	1709
15	13	1.925	1701	1709
2	1	1.2025	1705	1716
9	10	0.7025	1711	1717
45	46	0.7025	1718	1724
20	21	0.7025	1730	1736
35	33	1.925	1731	1739
28	29	0.7025	1735	1741
7	6	1.2025	1739	1745
24	25	0.7025	1741	1747
61	62	0.7025	1744	1750
11	9	1.925	1744	1752
53	54	0.7025	1747	1753
14	15	0.7025	1748	1754
12	14	1.665	1749	1757
34	33	1.2025	1752	1758
54	53	1.2025	1752	1758
24	26	1.665	1751	1759
1	2	0.7025	1762	1768
4	5	0.7025	1765	1771
0	1	0.7025	1767	1773
41	42	0.7025	1770	1776
23	22	1.2025	1773	1779
42	43	0.7025	1775	1781
8	9	0.7025	1776	1782
58	57	1.2025	1778	1784
3	1	1.925	1781	1789
47	45	1.925	1783	1791
40	42	1.665	1784	1792
46	45	1.2025	1787	1797
41	42	0.7025	1796	1802
18	17	1.2025	1800	1806
6	7	0.7025	1802	1808
61	62	0.7025	1803	1809
22	21	1.2025	1804	1810
60	61	0.7025	1804	1810
45	46	0.7025	1805	1811
63	62	1.2025	1809	1815
44	45	0.7025	1810	1816
47	46	1.2025	1810	1816
37	38	0.7025	1813	1819
50	51	0.7025	1820	1826
58	57	1.2025	1821	1827
56	58	1.665	1819	1827
31	30	1.2025	1822	1828
59	58	1.2025	1824	1832
57	58	0.7025	1825	1836
49	50	0.7025	1835	1841
51	49	1.925	1834	1842
39	38	1.2025	1842	1848
33	34	0.7025	1844	1850
10	11	0.7025	1845	1851
43	41	1.925	1843	1851
32	33	0.7025	1848	1854
35	34	1.2025	1848	1854
16	18	1.665	1852	1860
29	30	0.7025	1854	1860
8	10	1.665	1853	1861
13	14	0.7025	1864	1870
26	27	0.7025	1866	1872
49	50	0.7025	1866	1872
3	2	1.2025	1871	1877
37	38	0.7025	1873	1879
5	4	1.2025	1880	1886
15	14	1.2025	1880	1886
60	62	1.665	1878	1886
10	9	1.2025	1882	1888
17	16	1.2025	1883	1889
62	61	1.2025	1884	1890
21	22	0.7025	1888	1894
15	12	2.6475	1882	1897
9	10	0.7025	1892	1898
20	22	1.665	1896	1904
53	54	0.7025	1900	1906
54	53	1.2025	1901	1907
25	26	0.7025	1902	1908
6	5	1.2025	1903	1909
11	10	1.2025	1903	1909
19	18	1.2025	1911	1917
14	13	1.2025	1913	1919
59	56	2.6475	1914	1924
57	58	0.7025	1922	1928
42	41	1.2025	1926	1932
27	26	1.2025	1927	1933
40	43	2.6275	1931	1941
48	50	1.665	1936	1944
4	6	1.665	1937	1945
56	59	2.6275	1935	1945
36	38	1.665	1942	1950
17	16	1.2025	1945	1951
13	12	1.2025	1952	1958
44	46	1.665	1952	1960
56	57	0.7025	1954	1960
63	60	2.6475	1950	1960
28	30	1.665	1953	1961
0	2	1.665	1957	1965
50	49	1.2025	1960	1966
25	26	0.7025	1962	1968
35	32	2.6475	1958	1968
55	54	1.2025	1962	1968
1	0	1.2025	1966	1972
2	1	1.2025	1967	1973
12	15	2.6275	1967	1977
34	33	1.2025	1975	1981
46	45	1.2025	1977	1983
21	20	1.2025	1980	1986
31	28	2.6475	1976	1986
50	49	1.2025	1983	1989
5	4	1.2025	1985	1991
30	29	1.2025	1982	1992
39	36	2.6475	1985	1995
45	44	1.2025	1989	1995
18	17	1.2025	1992	1998
7	4	2.6475	1989	1999
27	24	2.6475	1991	2001
29	28	1.2025	1996	2002
32	34	1.665	1998	2006
14	13	1.2025	2005	2011
26	25	1.2025	2007	2013
51	50	1.2025	2014	2020
23	20	2.6475	2011	2021
9	8	1.2025	2016	2022
43	42	1.2025	2020	2026
52	55	2.6275	2016	2026
58	57	1.2025	2023	2029
37	36	1.2025	2027	2033
40	41	0.7025	2028	2034
47	44	2.6475	2024	2034
11	8	2.6475	2027	2037
44	47	2.6275	2034	2044
12	13	0.7025	2041	2047
16	19	2.6275	2039	2049
4	7	2.6275	2040	2050
38	37	1.2025	2044	2050
30	29	1.2025	2046	2052
10	9	1.2025	2047	2053
24	27	2.6275	2047	2057
16	17	0.7025	2055	2061
6	5	1.2025	2065	2071
26	25	1.2025	2071	2077
3	0	2.6475	2078	2088
45	44	1.2025	2082	2088
41	40	1.2025	2083	2089
21	20	1.2025	2085	2091
62	61	1.2025	2089	2095
61	60	1.2025	2090	2096
33	32	1.2025	2099	2105
42	41	1.2025	2103	2109
24	25	0.7025	2108	2114
36	39	2.6275	2104	2114
8	11	2.6275	2108	2118
4	5	0.7025	2113	2119
28	31	2.6275	2111	2121
0	3	2.6275	2112	2122
1	0	1.2025	2122	2128
33	32	1.2025	2122	2128
60	63	2.6275	2120	2130
52	53	0.7025	2125	2131
43	40	2.6475	2124	2134
48	51	2.6275	2127	2137
28	29	0.7025	2132	2138
46	45	1.2025	2136	2142
19	16	2.6475	2133	2143
17	19	1.665	2138	2146
29	28	1.2025	2140	2146
20	23	2.6275	2139	2149
34	33	1.2025	2145	2151
32	35	2.6275	2142	2152
41	40	1.2025	2153	2159
55	52	2.6475	2149	2159
51	48	2.6475	2153	2163
2	1	1.2025	2161	2167
22	21	1.2025	2163	2169
20	21	0.7025	2167	2173
57	56	1.2025	2172	2178
49	48	1.2025	2177	2183
9	8	1.2025	2178	2184
54	53	1.2025	2178	2184
7	5	1.925	2181	2189
53	52	1.2025	2186	2192
13	12	1.2025	2189	2195
38	37	1.2025	2193	2199
25	24	1.2025	2198	2204
30	29	1.2025	2204	2210
48	49	0.7025	2223	2229
18	17	1.2025	2227	2233
37	36	1.2025	2232	2238
14	13	1.2025	2234	2240
42	41	1.2025	2235	2241
35	33	1.925	2234	2242
45	47	1.665	2234	2242
61	60	1.2025	2242	2248
63	61	1.925	2241	2249
5	7	1.665	2244	2252
15	13	1.925	2245	2253
26	25	1.2025	2247	2253
50	49	1.2025	2249	2255
16	17	0.7025	2253	2259
59	57	1.925	2255	2263
6	5	1.2025	2262	2268
56	57	0.7025	2278	2284
8	9	0.7025	2281	2287
44	45	0.7025	2281	2287
39	37	1.925	2283	2291
10	9	1.2025	2287	2293
29	31	1.665	2288	2296
36	37	0.7025	2286	2296
21	23	1.665	2291	2299
44	45	0.7025	2294	2300
58	57	1.2025	2294	2300
4	5	0.7025	2297	2303
60	61	0.7025	2301	2307
38	37	1.2025	2305	2311
62	61	1.2025	2302	2311
12	13	0.7025	2306	2312
52	53	0.7025	2307	2313
22	21	1.2025	2308	2314
31	29	1.925	2308	2316
32	33	0.7025	2310	2316
0	1	0.7025	2313	2319
31	29	1.925	2316	2325
32	33	0.7025	2321	2327
57	56	1.2025	2325	2331
17	19	1.665	2334	2342
12	14	1.665	2335	2343
41	43	1.665	2337	2345
11	9	1.925	2340	2348
43	41	1.925	2340	2348
57	59	1.665	2341	2349
40	41	0.7025	2344	2353
49	48	1.2025	2350	2356
45	47	1.665	2349	2357
53	52	1.2025	2351	2357
60	61	0.7025	2352	2358
8	9	0.7025	2354	2360
23	21	1.925	2356	2364
27	25	1.925	2359	2367
3	1	1.925	2364	2372
48	49	0.7025	2369	2375
28	29	0.7025	2370	2376
49	51	1.665	2370	2378
63	61	1.925	2375	2383
20	21	0.7025	2378	2384
5	7	1.665	2378	2386
25	24	1.2025	2382	2388
1	3	1.665	2383	2391
53	55	1.665	2384	2392
15	13	1.925	2391	2399
55	53	1.925	2391	2399
2	1	1.2025	2394	2400
25	27	1.665	2396	2404
33	35	1.665	2403	2411
24	25	0.7025	2406	2412
36	37	0.7025	2414	2420
61	63	1.665	2415	2423
52	54	1.665	2420	2428
21	23	1.665	2422	2430
24	26	1.665	2426	2434
50	49	1.2025	2428	2434
29	31	1.665	2427	2435
56	58	1.665	2429	2437
47	45	1.925	2439	2447
0	1	0.7025	2446	2452
44	46	1.665	2450	2458
13	15	1.665	2453	2461
39	37	1.925	2459	2467
59	57	1.925	2467	2475
41	43	1.665	2469	2477
4	6	1.665	2479	2487
3	1	1.925	2482	2490
19	17	1.925	2485	2493
54	53	1.2025	2488	2494
14	13	1.2025	2490	2496
3	2	1.2025	2490	2497
9	11	1.665	2491	2499
37	39	1.665	2498	2506
23	21	1.925	2507	2515
27	25	1.925	2508	2516
8	10	1.665	2509	2517
7	5	1.925	2511	2519
63	62	1.2025	2513	2519
46	45	1.2025	2515	2521
0	2	1.665	2514	2522
34	33	1.2025	2518	2524
11	9	1.925	2517	2525
56	57	0.7025	2520	2526
16	18	1.665	2524	2532
35	33	1.925	2516	2532
40	42	1.665	2526	2534
32	34	1.665	2528	2536
51	49	1.925	2530	2538
37	39	1.665	2536	2544
11	10	1.2025	2546	2552
18	17	1.2025	2552	2558
26	25	1.2025	2552	2558
59	58	1.2025	2555	2561
22	21	1.2025	2556	2562
33	35	1.665	2558	2566
61	63	1.665	2561	2569
12	13	0.7025	2566	2572
1	3	1.665	2570	2578
63	60	2.6475	2568	2578
60	62	1.665	2577	2585
10	9	1.2025	2585	2591
42	41	1.2025	2589	2595
6	5	1.2025	2590	2596
40	41	0.7025	2592	2599
9	11	1.665	2592	2600
20	22	1.665	2595	2603
28	30	1.665	2598	2606
4	5	0.7025	2601	2607
58	56	1.925	2599	2607
27	26	1.2025	2605	2611
49	51	1.665	2608	2616
39	38	1.2025	2611	2617
13	15	1.665	2614	2622
20	21	0.7025	2617	2623
28	29	0.7025	2623	2629
36	38	1.665	2637	2645
7	6	1.2025	2641	2647
43	41	1.925	2641	2649
52	53	0.7025	2645	2651
60	61	0.7025	2646	2652
56	58	1.665	2646	2654
23	22	1.2025	2649	2655
39	36	2.6475	2646	2656
48	50	1.665	2649	2657
8	9	0.7025	2652	2658
19	17	1.925	2650	2658
47	45	1.925	2650	2658
15	14	1.2025	2653	2659
12	14	1.665	2661	2669
31	30	1.2025	2667	2673
53	55	1.665	2670	2678
57	59	1.665	2671	2679
19	18	1.2025	2677	2683
35	34	1.2025	2680	2686
54	52	1.925	2679	2687
7	4	2.6475	2680	2690
30	29	1.2025	2687	2693
51	49	1.925	2689	2697
51	50	1.2025	2698	2704
16	17	0.7025	2700	2706
24	25	0.7025	2700	2706
0	1	0.7025	2706	2712
2	0	1.925	2706	2714
55	53	1.925	2708	2716
16	18	1.665	2710	2718
17	18	0.7025	2721	2727
59	56	2.6475	2724	2734
25	27	1.665	2749	2757
34	32	1.925	2750	2758
38	37	1.2025	2754	2760
62	60	1.925	2759	2767
3	0	2.6475	2758	2768
63	61	1.925	2761	2776
50	48	1.925	2774	2782
44	45	0.7025	2778	2784
52	54	1.665	2778	2786
40	42	1.665	2790	2798
5	6	0.7025	2795	2801
24	26	1.665	2796	2804
32	33	0.7025	2800	2806
26	24	1.925	2803	2811
7	5	1.925	2804	2812
15	12	2.6475	2802	2812
36	37	0.7025	2814	2820
4	6	1.665	2813	2821
43	42	1.2025	2815	2821
19	16	2.6475	2812	2822
14	12	1.925	2819	2827
27	24	2.6475	2818	2828
48	49	0.7025	2822	2828
35	32	2.6475	2819	2829
47	46	1.2025	2825	2831
12	13	0.7025	2826	2832
8	10	1.665	2828	2836
35	33	1.925	2830	2838
46	44	1.925	2833	2841
31	28	2.6475	2840	2850
44	46	1.665	2845	2853
6	4	1.925	2849	2857
48	50	1.665	2854	2862
11	8	2.6475	2859	2869
31	29	1.925	2862	2870
43	40	2.6475	2866	2876
46	45	1.2025	2871	2877
52	53	0.7025	2872	2878
28	30	1.665	2874	2882
11	9	1.925	2875	2883
47	44	2.6475	2890	2900
51	48	2.6475	2899	2909
58	57	1.2025	2903	2909
10	8	1.925	2902	2910
55	54	1.2025	2909	2915
62	61	1.2025	2909	2915
18	16	1.925	2910	2918
23	20	2.6475	2911	2921
20	22	1.665	2915	2923
42	40	1.925	2916	2924
56	57	0.7025	2918	2924
59	57	1.925	2919	2928
24	25	0.7025	2929	2935
18	17	1.2025	2930	2936
39	37	1.925	2928	2936
56	58	1.665	2935	2943
10	9	1.2025	2940	2946
0	2	1.665	2939	2947
58	56	1.925	2940	2948
2	1	1.2025	2948	2954
41	42	0.7025	2949	2955
54	53	1.2025	2949	2955
42	41	1.2025	2953	2959
29	30	0.7025	2954	2960
22	20	1.925	2953	2961
55	52	2.6475	2953	2963
5	6	0.7025	2962	2968
4	5	0.7025	2966	2972
26	25	1.2025	2967	2973
3	1	1.925	2966	2974
36	38	1.665	2966	2974
15	13	1.925	2973	2981
63	62	1.2025	2975	2981
40	41	0.7025	2978	2984
34	33	1.2025	2981	2987
7	6	1.2025	2983	2989
33	34	0.7025	2983	2989
30	28	1.925	2985	2993
21	22	0.7025	2990	2996
14	13	1.2025	2991	2997
45	46	0.7025	2991	2997
62	60	1.925	2989	2997
32	34	1.665	2995	3003
23	21	1.925	2996	3004
43	41	1.925	2998	3006
61	62	0.7025	3000	3006
50	49	1.2025	3001	3007
6	5	1.2025	3006	3012
49	50	0.7025	3007	3013
17	18	0.7025	3009	3015
60	62	1.665	3008	3016
13	14	0.7025	3011	3017
27	25	1.925	3016	3024
27	26	1.2025	3023	3031
32	33	0.7025	3026	3032
53	54	0.7025	3026	3032
11	10	1.2025	3036	3042
59	58	1.2025	3036	3042
52	54	1.665	3028	3043
1	2	0.7025	3039	3045
20	21	0.7025	3039	3045
30	29	1.2025	3040	3046
16	17	0.7025	3047	3053
38	36	1.925	3046	3054
39	38	1.2025	3048	3054
61	62	0.7025	3048	3054
3	2	1.2025	3049	3055
31	30	1.2025	3052	3058
20	22	1.665	3051	3059
22	21	1.2025	3054	3060
35	34	1.2025	3056	3062
57	58	0.7025	3072	3078
48	49	0.7025	3073	3079
21	22	0.7025	3076	3082
29	30	0.7025	3076	3082
12	14	1.665	3078	3086
44	45	0.7025	3080	3086
45	46	0.7025	3083	3089
15	14	1.2025	3083	3091
28	29	0.7025	3095	3101
63	61	1.925	3093	3101
26	24	1.925	3096	3104
25	26	0.7025	3100	3106
0	1	0.7025	3103	3109
51	49	1.925	3106	3114
8	9	0.7025	3110	3116
33	34	0.7025	3110	3116
2	0	1.925	3111	3119
19	17	1.925	3119	3127
54	52	1.925	3119	3127
50	48	1.925	3123	3131
1	2	0.7025	3126	3132
48	50	1.665	3128	3136
35	33	1.925	3133	3141
14	12	1.925	3134	3142
40	42	1.665	3135	3143
44	46	1.665	3141	3149
40	42	1.665	3146	3154
22	20	1.925	3150	3158
62	63	0.7025	3152	3158
60	61	0.7025	3153	3159
41	42	0.7025	3149	3160
46	44	1.925	3154	3162
36	37	0.7025	3157	3163
8	10	1.665	3157	3165
47	45	1.925	3160	3168
17	16	1.2025	3164	3170
9	10	0.7025	3164	3171
14	15	0.7025	3167	3173
58	59	0.7025	3169	3175
24	26	1.665	3169	3177
5	4	1.2025	3172	3178
28	30	1.665	3183	3191
63	62	1.2025	3196	3202
52	54	1.665	3197	3205
25	26	0.7025	3203	3209
32	34	1.665	3202	3210
41	40	1.2025	3204	3210
16	18	1.665	3203	3211
29	28	1.2025	3206	3212
54	55	0.7025	3206	3212
0	2	1.665	3205	3213
31	29	1.925	3205	3213
42	40	1.925	3204	3219
30	28	1.925	3211	3221
23	22	1.2025	3217	3223
60	62	1.665	3221	3229
3	1	1.925	3223	3231
10	8	1.925	3223	3231
59	57	1.925	3225	3233
55	53	1.925	3227	3235
37	38	0.7025	3230	3236
57	58	0.7025	3230	3236
16	18	1.665	3229	3237
11	9	1.925	3225	3240
51	50	1.2025	3235	3241
61	60	1.2025	3236	3242
18	16	1.925	3235	3243
23	21	1.925	3238	3246
12	14	1.665	3241	3249
33	32	1.2025	3247	3253
38	37	1.2025	3248	3254
34	32	1.925	3257	3265
56	58	1.665	3257	3265
62	61	1.2025	3259	3265
20	22	1.665	3260	3268
53	54	0.7025	3266	3272
7	5	1.925	3265	3273
4	6	1.665	3265	3273
22	23	0.7025	3269	3275
39	37	1.925	3267	3275
58	57	1.2025	3271	3277
35	34	1.2025	3273	3279
34	35	0.7025	3277	3283
21	20	1.2025	3285	3291
2	3	0.7025	3290	3296
36	38	1.665	3288	3296
24	26	1.665	3291	3299
43	42	1.2025	3293	3299
19	18	1.2025	3295	3301
15	13	1.925	3295	3303
13	14	0.7025	3297	3303
39	38	1.2025	3305	3311
8	10	1.665	3306	3314
17	16	1.2025	3309	3315
26	27	0.7025	3311	3317
29	28	1.2025	3311	3317
1	0	1.2025	3314	3320
32	34	1.665	3314	3321
46	47	0.7025	3315	3321
27	25	1.925	3315	3323
6	4	1.925	3318	3326
37	38	0.7025	3321	3327
2	1	1.2025	3326	3332
9	10	0.7025	3330	3336
43	41	1.925	3336	3344
45	44	1.2025	3345	3351
6	7	0.7025	3346	3352
55	54	1.2025	3346	3352
3	2	1.2025	3347	3353
5	4	1.2025	3347	3353
59	58	1.2025	3347	3353
44	46	1.665	3349	3357
63	60	2.6475	3347	3357
18	19	0.7025	3359	3365
49	50	0.7025	3362	3368
14	13	1.2025	3364	3370
36	38	1.665	3363	3371
30	31	0.7025	3367	3373
47	46	1.2025	3367	3373
62	63	0.7025	3367	3373
4	6	1.665	3367	3375
10	11	0.7025	3375	3381
50	51	0.7025	3379	3385
46	45	1.2025	3383	3389
31	30	1.2025	3384	3390
13	12	1.2025	3385	3391
49	48	1.2025	3387	3393
51	49	1.925	3393	3401
21	20	1.2025	3398	3404
59	56	2.6475	3406	3416
45	44	1.2025	3416	3422
7	6	1.2025	3424	3430
19	17	1.925	3428	3436
61	60	1.2025	3431	3437
0	2	1.665	3432	3440
53	52	1.2025	3437	3443
7	4	2.6475	3434	3444
9	8	1.2025	3443	3449
48	50	1.665	3444	3452
28	30	1.665	3448	3456
54	53	1.2025	3453	3459
38	36	1.925	3459	3467
42	43	0.7025	3463	3469
13	12	1.2025	3464	3470
15	14	1.2025	3464	3470
17	19	1.665	3465	3473
37	36	1.2025	3468	3474
42	41	1.2025	3469	3476
34	33	1.2025	3471	3477
57	56	1.2025	3471	3477
22	21	1.2025	3476	3482
33	32	1.2025	3479	3485
30	29	1.2025	3488	3494
46	47	0.7025	3496	3502
52	53	0.7025	3497	3503
60	62	1.665	3495	3503
5	7	1.665	3496	3504
27	26	1.2025	3498	3504
25	24	1.2025	3501	3507
10	9	1.2025	3502	3508
55	53	1.925	3500	3508
41	40	1.2025	3503	3509
58	59	0.7025	3505	3511
47	45	1.925	3507	3515
50	49	1.2025	3509	3515
55	54	1.2025	3510	3516
1	0	1.2025	3511	3517
2	3	0.7025	3515	3521
9	8	1.2025	3521	3527
63	62	1.2025	3521	3527
27	24	2.6475	3519	3529
18	17	1.2025	3526	3532
23	22	1.2025	3526	3532
12	13	0.7025	3527	3533
6	5	1.2025	3538	3544
11	10	1.2025	3541	3547
35	32	2.6475	3550	3560
56	57	0.7025	3554	3560
37	36	1.2025	3556	3562
5	7	1.665	3557	3565
45	47	1.665	3563	3571
53	52	1.2025	3568	3574
21	23	1.665	3573	3581
39	36	2.6475	3572	3582
40	41	0.7025	3580	3586
62	61	1.2025	3581	3587
19	18	1.2025	3585	3591
3	0	2.6475	3582	3592
54	55	0.7025	3600	3606
17	19	1.665	3604	3612
14	15	0.7025	3607	3613
38	39	0.7025	3608	3614
10	11	0.7025	3611	3617
26	25	1.2025	3612	3618
49	48	1.2025	3616	3622
29	31	1.665	3615	3623
43	42	1.2025	3621	3627
15	12	2.6475	3630	3640
33	35	1.665	3634	3642
13	15	1.665	3636	3644
57	56	1.2025	3640	3646
15	14	1.2025	3639	3647
1	3	1.665	3642	3650
53	55	1.665	3642	3650
41	43	1.665	3644	3652
58	57	1.2025	3650	3656
44	45	0.7025	3652	3658
47	46	1.2025	3652	3658
48	49	0.7025	3653	3659
35	34	1.2025	3657	3663
46	45	1.2025	3660	3666
31	28	2.6475	3658	3668
22	23	0.7025	3671	3677
38	37	1.2025	3675	3681
26	27	0.7025	3677	3683
28	29	0.7025	3679	3685
25	24	1.2025	3680	3686
18	19	0.7025	3682	3688
33	35	1.665	3682	3690
14	13	1.2025	3685	3691
21	23	1.665	3684	3692
56	58	1.665	3687	3695
7	6	1.2025	3691	3697
60	61	0.7025	3691	3697
24	25	0.7025	3692	3698
10	9	1.2025	3694	3700
47	44	2.6475	3690	3700
59	58	1.2025	3691	3700
58	57	1.2025	3695	3701
62	61	1.2025	3694	3701
61	63	1.665	3694	3702
43	40	2.6475	3693	3703
32	33	0.7025	3699	3705
51	50	1.2025	3700	3706
18	17	1.2025	3701	3707
12	14	1.665	3700	3708
23	20	2.6475	3700	3710
2	1	1.2025	3708	3714
50	51	0.7025	3708	3714
8	9	0.7025	3710	3716
4	5	0.7025	3713	3719
25	27	1.665	3712	3720
54	53	1.2025	3715	3721
29	31	1.665	3716	3724
11	8	2.6475	3717	3727
55	52	2.6475	3724	3734
20	21	0.7025	3729	3735
39	38	1.2025	3730	3736
50	49	1.2025	3734	3740
49	51	1.665	3734	3742
3	2	1.2025	3737	3743
16	17	0.7025	3737	3743
37	39	1.665	3749	3757
34	35	0.7025	3755	3761
0	1	0.7025	3756	3762
16	18	1.665	3754	3762
4	6	1.665	3757	3765
36	37	0.7025	3762	3768
40	42	1.665	3760	3768
19	16	2.6475	3774	3784
41	43	1.665	3777	3785
31	30	1.2025	3780	3786
63	60	2.6475	3777	3787
30	31	0.7025	3788	3794
59	56	2.6475	3784	3794
15	12	2.6475	3788	3798
27	26	1.2025	3796	3802
52	54	1.665	3795	3803
57	59	1.665	3795	3803
1	3	1.665	3797	3805
35	32	2.6475	3795	3805
61	63	1.665	3797	3805
14	13	1.2025	3802	3808
13	15	1.665	3800	3808
42	43	0.7025	3807	3813
37	39	1.665	3806	3814
24	26	1.665	3811	3819
9	11	1.665	3812	3820
63	61	1.925	3814	3822
6	7	0.7025	3820	3826
44	46	1.665	3821	3829
22	21	1.2025	3827	3833
12	15	2.6275	3825	3835
23	22	1.2025	3830	3836
55	54	1.2025	3831	3837
42	41	1.2025	3833	3839
31	28	2.6475	3835	3845
39	36	2.6475	3835	3845
8	10	1.665	3839	3847
34	33	1.2025	3843	3849
45	47	1.665	3845	3853
53	55	1.665	3847	3855
11	10	1.2025	3851	3857
54	53	1.2025	3853	3859
27	24	2.6475	3856	3866
57	59	1.665	3864	3872
0	2	1.665	3868	3876
51	48	2.6475	3866	3876
7	4	2.6475	3870	3880
25	27	1.665	3875	3883
20	22	1.665	3876	3884
6	5	1.2025	3877	3886
48	50	1.665	3888	3896
58	57	1.2025	3890	3896
32	34	1.665	3893	3901
10	9	1.2025	3897	3903
36	38	1.665	3902	3910
26	25	1.2025	3909	3915
28	30	1.665	3907	3915
35	33	1.925	3912	3920
62	61	1.2025	3920	3926
59	57	1.925	3921	3929
47	46	1.2025	3933	3939
51	50	1.2025	3934	3940
3	0	2.6475	3931	3941
22	21	1.2025	3936	3942
63	62	1.2025	3939	3945
2	1	1.2025	3940	3947
31	29	1.925	3940	3948
38	39	0.7025	3943	3949
43	42	1.2025	3947	3953
23	20	2.6475	3937	3954
40	43	2.6275	3945	3955
18	17	1.2025	3953	3959
30	29	1.2025	3956	3962
19	18	1.2025	3961	3967
34	33	1.2025	3966	3972
46	45	1.2025	3970	3976
60	62	1.665	3975	3983
49	51	1.665	3976	3984
50	49	1.2025	3984	3990
3	1	1.925	3983	3991
19	16	2.6475	3982	3992
9	11	1.665	3992	4000
7	5	1.925	4007	4015
11	8	2.6475	4024	4034
46	45	1.2025	4029	4035
24	27	2.6275	4026	4036
14	13	1.2025	4032	4038
47	44	2.6475	4030	4047
54	53	1.2025	4045	4051
7	6	1.2025	4047	4053
4	7	2.6275	4043	4053
50	49	1.2025	4054	4060
30	29	1.2025	4059	4065
26	25	1.2025	4061	4067
2	1	1.2025	4065	4071
51	48	2.6475	4073	4083
6	5	1.2025	4082	4088
39	37	1.925	4080	4088
56	59	2.6275	4084	4094
5	6	0.7025	4091	4097
36	39	2.6275	4087	4097
15	13	1.925	4103	4111
28	31	2.6275	4108	4118
38	37	1.2025	4114	4120
55	52	2.6475	4111	4121
43	40	2.6475	4114	4124
23	21	1.925	4119	4127
16	19	2.6275	4118	4128
0	3	2.6275	4124	4134
22	21	1.2025	4128	4134
8	11	2.6275	4127	4137
10	9	1.2025	4136	4142
17	18	0.7025	4143	4149
26	25	1.2025	4143	4149
31	30	1.2025	4145	4151
52	55	2.6275	4145	4155
44	47	2.6275	4149	4159
38	37	1.2025	4154	4160
42	41	1.2025	4158	4164
48	51	2.6275	4162	4172
18	17	1.2025	4168	4174
63	60	2.6475	4165	4175
20	23	2.6275	4167	4177
27	25	1.925	4169	4177
29	30	0.7025	4173	4179
62	61	1.2025	4175	4181
12	13	0.7025	4177	4183
35	34	1.2025	4179	4185
8	9	0.7025	4186	4192
34	33	1.2025	4187	4193
30	29	1.2025	4190	4196
23	22	1.2025	4197	4203
42	41	1.2025	4199	4205
59	58	1.2025	4201	4207
3	2	1.2025	4217	4223
33	34	0.7025	4218	4224
17	18	0.7025	4225	4231
60	63	2.6275	4229	4239
11	9	1.925	4232	4240
6	5	1.2025	4239	4245
21	22	0.7025	4239	4245
58	57	1.2025	4240	4246
40	41	0.7025	4241	4247
41	42	0.7025	4251	4257
39	38	1.2025	4254	4260
15	14	1.2025	4257	4263
56	57	0.7025	4259	4265
12	14	1.665	4261	4269
43	41	1.925	4261	4269
47	45	1.925	4263	4271
28	29	0.7025	4268	4274
55	53	1.925	4266	4274
19	17	1.925	4274	4282
44	45	0.7025	4285	4291
5	6	0.7025	4286	4292
53	54	0.7025	4287	4293
16	17	0.7025	4288	4294
52	53	0.7025	4295	4301
40	42	1.665	4302	4310
27	26	1.2025	4308	4314
61	62	0.7025	4315	4321
59	56	2.6475	4312	4322
36	37	0.7025	4317	4323
46	45	1.2025	4319	4325
47	46	1.2025	4319	4325
32	35	2.6275	4316	4326
51	49	1.925	4318	4326
35	32	2.6475	4318	4328
4	5	0.7025	4323	4329
7	4	2.6475	4326	4336
45	46	0.7025	4336	4342
10	9	1.2025	4342	4348
37	38	0.7025	4342	4348
45	46	0.7025	4342	4349
20	21	0.7025	4345	4351
1	2	0.7025	4346	4352
8	10	1.665	4346	4354
25	26	0.7025	4349	4355
13	14	0.7025	4351	4357
27	24	2.6475	4352	4362
11	10	1.2025	4364	4370
63	60	2.6475	4362	4372
48	49	0.7025	4373	4379
3	0	2.6475	4370	4380
24	25	0.7025	4375	4381
57	58	0.7025	4376	4382
60	61	0.7025	4380	4386
44	46	1.665	4380	4388
24	26	1.665	4386	4394
29	30	0.7025	4390	4396
50	49	1.2025	4394	4400
17	16	1.2025	4397	4403
21	22	0.7025	4401	4407
4	6	1.665	4401	4409
19	18	1.2025	4407	4413
5	4	1.2025	4414	4420
33	34	0.7025	4414	4420
43	42	1.2025	4421	4427
56	58	1.665	4421	4429
35	32	2.6475	4420	4430
12	15	2.6275	4423	4433
41	42	0.7025	4430	4436
57	58	0.7025	4431	4437
62	60	1.925	4430	4438
26	25	1.2025	4435	4441
38	37	1.2025	4438	4444
56	59	2.6275	4427	4447
14	13	1.2025	4443	4449
19	16	2.6475	4439	4449
0	1	0.7025	4444	4450
3	0	2.6475	4444	4454
1	2	0.7025	4449	4455
9	10	0.7025	4449	4455
31	28	2.6475	4448	4458
18	17	1.2025	4455	4461
52	54	1.665	4454	4462
39	36	2.6475	4455	4465
15	12	2.6475	4458	4468
23	20	2.6475	4459	4469
13	14	0.7025	4465	4471
54	53	1.2025	4465	4471
55	54	1.2025	4468	4474
31	28	2.6475	4467	4477
7	4	2.6475	4468	4478
41	40	1.2025	4472	4478
51	50	1.2025	4479	4485
22	21	1.2025	4480	4486
16	18	1.665	4482	4490
59	56	2.6475	4482	4492
36	38	1.665	4489	4497
11	8	2.6475	4491	4501
32	33	0.7025	4498	4504
40	43	2.6275	4494	4504
17	16	1.2025	4502	4508
0	2	1.665	4503	4511
2	1	1.2025	4508	4514
29	28	1.2025	4510	4516
20	22	1.665	4519	4527
28	30	1.665	4521	4529
8	11	2.6275	4522	4532
61	62	0.7025	4528	4534
47	44	2.6475	4527	4537
33	32	1.2025	4532	4538
49	50	0.7025	4540	4546
29	28	1.2025	4541	4547
53	54	0.7025	4541	4547
16	19	2.6275	4541	4551
20	23	2.6275	4552	4562
25	26	0.7025	4558	4564
58	56	1.925	4559	4567
13	12	1.2025	4566	4572
9	10	0.7025	4578	4584
60	62	1.665	4577	4585
21	20	1.2025	4583	4589
36	39	2.6275	4581	4591
34	33	1.2025	4591	4597
43	40	2.6475	4588	4598
48	50	1.665	4591	4599
51	48	2.6475	4592	4602
49	50	0.7025	4594	4605
55	52	2.6475	4601	4611
52	55	2.6275	4606	4616
62	61	1.2025	4611	4617
44	47	2.6275	4611	4621
53	52	1.2025	4620	4626
58	57	1.2025	4623	4629
30	29	1.2025	4627	4633
39	36	2.6475	4625	4635
15	12	2.6475	4626	4636
1	0	1.2025	4633	4639
43	40	2.6475	4630	4640
27	24	2.6475	4633	4643
56	57	0.7025	4642	4648
6	5	1.2025	4644	4650
4	7	2.6275	4640	4650
25	24	1.2025	4639	4650
24	27	2.6275	4645	4655
61	60	1.2025	4653	4659
45	44	1.2025	4654	4660
32	34	1.665	4654	4662
37	38	0.7025	4657	4663
45	44	1.2025	4658	4667
0	3	2.6275	4659	4669
5	4	1.2025	4663	4669
28	31	2.6275	4660	4670
40	41	0.7025	4664	4670
23	20	2.6475	4661	4671
48	51	2.6275	4661	4671
57	56	1.2025	4669	4675
14	12	1.925	4668	4676
63	61	1.925	4669	4677
21	20	1.2025	4666	4678
20	21	0.7025	4676	4682
33	32	1.2025	4677	4683
55	52	2.6475	4673	4683
11	8	2.6475	4686	4696
12	13	0.7025	4691	4697
38	37	1.2025	4693	4699
42	41	1.2025	4698	4704
41	40	1.2025	4717	4723
47	44	2.6475	4717	4727
51	48	2.6475	4718	4728
8	9	0.7025	4725	4731
44	45	0.7025	4726	4732
36	37	0.7025	4731	4737
9	8	1.2025	4751	4757
32	35	2.6275	4747	4757
54	52	1.925	4750	4758
56	57	0.7025	4753	4759
52	53	0.7025	4754	4760
22	20	1.925	4757	4765
40	41	0.7025	4759	4765
16	17	0.7025	4760	4766
37	36	1.2025	4763	4769
46	44	1.925	4763	4770
19	16	2.6475	4762	4772
26	24	1.925	4769	4777
7	5	1.925	4770	4778
13	12	1.2025	4775	4781
35	33	1.925	4774	4782
60	63	2.6275	4774	4784
4	5	0.7025	4784	4790
60	61	0.7025	4781	4791
18	16	1.925	4788	4796
28	29	0.7025	4790	4796
1	0	1.2025	4795	4801
49	48	1.2025	4795	4801
46	45	1.2025	4799	4805
57	56	1.2025	4802	4808
3	1	1.925	4804	4812
50	48	1.925	4798	4813
34	32	1.925	4820	4828
6	4	1.925	4822	4830
20	21	0.7025	4825	4831
45	47	1.665	4825	4833
1	3	1.665	4828	4836
18	17	1.2025	4834	4840
35	34	1.2025	4837	4843
30	28	1.925	4836	4844
27	25	1.925	4839	4847
42	40	1.925	4839	4847
59	57	1.925	4839	4847
14	13	1.2025	4842	4848
61	60	1.2025	4843	4849
17	19	1.665	4842	4850
10	8	1.925	4843	4851
8	9	0.7025	4845	4851
7	6	1.2025	4848	4854
0	1	0.7025	4855	4861
12	13	0.7025	4855	4861
24	25	0.7025	4856	4862
54	53	1.2025	4861	4867
2	0	1.925	4866	4874
5	7	1.665	4867	4875
25	24	1.2025	4870	4876
33	35	1.665	4868	4876
37	36	1.2025	4870	4876
41	43	1.665	4870	4878
53	52	1.2025	4872	4878
44	45	0.7025	4875	4881
50	49	1.2025	4880	4886
63	62	1.2025	4880	4886
62	60	1.925	4881	4889
8	10	1.665	4886	4894
29	31	1.665	4891	4899
52	53	0.7025	4897	4903
58	56	1.925	4897	4905
48	49	0.7025	4901	4907
62	63	0.7025	4901	4907
11	9	1.925	4900	4908
29	31	1.665	4901	4909
57	59	1.665	4901	4909
15	13	1.925	4903	4911
23	21	1.925	4905	4913
26	25	1.2025	4907	4913
4	5	0.7025	4930	4936
41	43	1.665	4928	4936
9	8	1.2025	4932	4938
22	21	1.2025	4935	4941
46	44	1.925	4938	4946
32	33	0.7025	4941	4947
21	23	1.665	4940	4948
61	63	1.665	4941	4949
36	37	0.7025	4947	4953
47	45	1.925	4942	4957
31	29	1.925	4950	4958
10	9	1.2025	4955	4961
39	37	1.925	4956	4964
40	42	1.665	4956	4964
21	23	1.665	4957	4965
9	11	1.665	4958	4966
52	54	1.665	4960	4968
14	12	1.925	4967	4975
3	2	1.2025	4971	4977
24	25	0.7025	4974	4980
25	27	1.665	4972	4980
15	14	1.2025	4978	4984
48	49	0.7025	4979	4985
16	17	0.7025	4980	4986
53	55	1.665	4979	4987
19	17	1.925	4980	4990
49	48	1.2025	4985	4991
33	35	1.665	4986	4994
59	58	1.2025	4991	4997
38	36	1.925	4992	5000
12	14	1.665	4995	5003
35	32	2.6475	4999	5009
6	5	1.2025	5007	5013
28	29	0.7025	5010	5016
0	1	0.7025	5013	5019
23	22	1.2025	5016	5022
56	58	1.665	5017	5025
61	63	1.665	5021	5029
13	15	1.665	5022	5030
42	41	1.2025	5026	5032
31	30	1.2025	5030	5036
63	60	2.6475	5027	5037
60	61	0.7025	5033	5039
5	7	1.665	5034	5042
17	19	1.665	5038	5046
2	1	1.2025	5041	5047
4	6	1.665	5040	5048
39	38	1.2025	5045	5051
44	46	1.665	5054	5062
34	33	1.2025	5057	5063
58	59	0.7025	5059	5065
7	4	2.6475	5061	5071
50	48	1.925	5069	5077
18	16	1.925	5073	5081
4	5	0.7025	5082	5088
45	47	1.665	5081	5089
55	53	1.925	5086	5094
20	22	1.665	5090	5098
53	55	1.665	5092	5100
51	49	1.925	5095	5103
54	52	1.925	5100	5108
11	10	1.2025	5103	5109
22	20	1.925	5104	5112
10	8	1.925	5109	5117
27	26	1.2025	5111	5117
15	12	2.6475	5110	5120
28	30	1.665	5112	5120
43	41	1.925	5112	5120
58	57	1.2025	5114	5120
32	33	0.7025	5115	5121
30	29	1.2025	5123	5129
43	42	1.2025	5129	5135
49	51	1.665	5129	5137
1	3	1.665	5131	5139
20	21	0.7025	5142	5148
24	26	1.665	5146	5154
3	0	2.6475	5147	5157
31	28	2.6475	5149	5159
48	50	1.665	5152	5160
25	27	1.665	5151	5162
59	56	2.6475	5154	5164
2	0	1.925	5152	5165
9	11	1.665	5160	5168
16	18	1.665	5168	5176
49	51	1.665	5171	5179
56	57	0.7025	5175	5181
37	39	1.665	5179	5187
30	28	1.925	5181	5189
13	15	1.665	5183	5191
47	46	1.2025	5185	5191
24	25	0.7025	5186	5192
27	24	2.6475	5185	5195
57	59	1.665	5187	5195
51	50	1.2025	5191	5197
44	45	0.7025	5192	5198
36	38	1.665	5191	5199
26	24	1.925	5190	5203
32	34	1.665	5195	5203
42	40	1.925	5202	5210
8	9	0.7025	5210	5216
34	32	1.925	5208	5216
6	4	1.925	5210	5218
48	49	0.7025	5216	5222
62	61	1.2025	5216	5222
12	13	0.7025	5221	5227
62	63	0.7025	5223	5229
52	53	0.7025	5224	5230
4	6	1.665	5223	5231
14	15	0.7025	5228	5234
46	47	0.7025	5233	5239
55	54	1.2025	5234	5240
54	55	0.7025	5236	5242
19	18	1.2025	5237	5243
63	61	1.925	5236	5244
11	8	2.6475	5249	5259
19	16	2.6475	5249	5259
18	19	0.7025	5256	5262
34	35	0.7025	5256	5262
40	41	0.7025	5262	5268
22	23	0.7025	5266	5272
60	62	1.665	5265	5273
7	5	1.925	5284	5292
56	58	1.665	5288	5296
0	2	1.665	5293	5301
12	14	1.665	5295	5303
50	51	0.7025	5298	5304
38	37	1.2025	5300	5306
26	27	0.7025	5303	5309
37	39	1.665	5303	5311
58	59	0.7025	5307	5313
3	1	1.925	5307	5315
24	26	1.665	5318	5326
39	36	2.6475	5322	5332
40	42	1.665	5324	5332
23	20	2.6475	5323	5333
20	22	1.665	5329	5337
44	46	1.665	5336	5344
36	37	0.7025	5341	5347
52	54	1.665	5340	5348
10	11	0.7025	5343	5349
16	17	0.7025	5346	5352
36	38	1.665	5352	5360
33	34	0.7025	5355	5361
2	3	0.7025	5358	5364
43	40	2.6475	5355	5365
18	17	1.2025	5361	5367
38	36	1.925	5360	5368
8	10	1.665	5361	5369
12	13	0.7025	5363	5369
34	33	1.2025	5364	5370
47	44	2.6475	5362	5372
14	13	1.2025	5365	5373
28	29	0.7025	5367	5373
46	45	1.2025	5381	5387
55	52	2.6475	5378	5388
59	57	1.925	5382	5390
32	33	0.7025	5388	5394
4	5	0.7025	5395	5401
63	61	1.925	5393	5401
35	33	1.925	5394	5402
30	31	0.7025	5405	5411
54	53	1.2025	5408	5414
56	57	0.7025	5409	5415
22	21	1.2025	5411	5417
50	49	1.2025	5425	5431
5	6	0.7025	5433	5439
60	61	0.7025	5441	5447
58	57	1.2025	5449	5455
31	29	1.925	5452	5460
10	9	1.2025	5456	5462
22	23	0.7025	5456	5462
42	43	0.7025	5456	5462
0	1	0.7025	5457	5463
21	22	0.7025	5459	5465
48	50	1.665	5459	5467
15	13	1.925	5463	5471
41	42	0.7025	5476	5482
15	13	1.925	5475	5483
50	51	0.7025	5480	5486
60	62	1.665	5478	5486
8	9	0.7025	5481	5487
16	18	1.665	5479	5487
24	25	0.7025	5491	5497
0	2	1.665	5490	5498
45	46	0.7025	5492	5498
6	7	0.7025	5507	5513
33	34	0.7025	5511	5517
10	11	0.7025	5513	5519
1	2	0.7025	5531	5537
34	35	0.7025	5531	5537
7	5	1.925	5530	5538
29	30	0.7025	5534	5540
6	5	1.2025	5535	5544
51	48	2.6475	5538	5548
63	62	1.2025	5542	5548
28	30	1.665	5536	5551
17	18	0.7025	5546	5552
11	9	1.925	5545	5553
5	6	0.7025	5548	5554
39	37	1.925	5551	5559
52	53	0.7025	5553	5559
62	61	1.2025	5553	5559
4	6	1.665	5552	5560
45	46	0.7025	5555	5561
26	25	1.2025	5556	5562
2	1	1.2025	5559	5565
20	21	0.7025	5562	5568
48	49	0.7025	5562	5568
54	55	0.7025	5562	5568
35	33	1.925	5561	5569
8	10	1.665	5567	5575
26	27	0.7025	5570	5576
46	47	0.7025	5573	5579
42	41	1.2025	5574	5580
57	58	0.7025	5576	5582
62	61	1.2025	5579	5585
47	45	1.925	5581	5589
59	57	1.925	5583	5591
19	17	1.925	5588	5596
44	45	0.7025	5595	5601
32	34	1.665	5597	5605
54	53	1.2025	5600	5606
3	1	1.925	5599	5607
43	41	1.925	5604	5612
1	2	0.7025	5612	5618
38	39	0.7025	5612	5618
32	33	0.7025	5614	5620
12	14	1.665	5613	5621
14	15	0.7025	5617	5623
46	45	1.2025	5618	5624
16	17	0.7025	5620	5626
18	19	0.7025	5621	5627
56	58	1.665	5620	5628
61	62	0.7025	5625	5631
40	41	0.7025	5629	5635
38	37	1.2025	5631	5637
7	6	1.2025	5640	5646
27	25	1.925	5638	5646
21	22	0.7025	5642	5648
2	3	0.7025	5652	5658
36	37	0.7025	5655	5661
55	53	1.925	5655	5663
23	21	1.925	5657	5665
53	54	0.7025	5663	5669
31	29	1.925	5664	5672
58	57	1.2025	5666	5672
27	25	1.925	5672	5680
19	17	1.925	5673	5681
13	14	0.7025	5676	5682
41	42	0.7025	5676	5682
30	29	1.2025	5680	5686
29	30	0.7025	5680	5686
36	38	1.665	5681	5689
24	26	1.665	5683	5691
25	26	0.7025	5693	5699
14	13	1.2025	5696	5702
22	21	1.2025	5700	5706
17	18	0.7025	5704	5710
28	29	0.7025	5705	5711
11	9	1.925	5705	5713
34	33	1.2025	5718	5724
59	58	1.2025	5718	5724
50	49	1.2025	5722	5728
47	45	1.925	5721	5729
8	10	1.665	5722	5730
52	54	1.665	5722	5730
35	34	1.2025	5728	5734
62	61	1.2025	5728	5734
15	14	1.2025	5731	5737
31	30	1.2025	5731	5737
9	10	0.7025	5737	5743
39	37	1.925	5736	5744
48	50	1.665	5736	5744
53	54	0.7025	5741	5747
1	0	1.2025	5749	5755
60	61	0.7025	5751	5757
46	45	1.2025	5752	5758
16	18	1.665	5751	5759
20	22	1.665	5751	5759
3	2	1.2025	5758	5764
40	42	1.665	5761	5769
11	10	1.2025	5764	5770
45	44	1.2025	5767	5773
44	46	1.665	5766	5774
13	14	0.7025	5771	5777
29	28	1.2025	5772	5778
52	54	1.665	5770	5778
0	1	0.7025	5773	5779
61	62	0.7025	5774	5780
2	1	1.2025	5776	5783
49	50	0.7025	5780	5786
38	39	0.7025	5781	5787
61	60	1.2025	5776	5787
41	40	1.2025	5790	5796
30	31	0.7025	5795	5801
9	10	0.7025	5798	5804
23	21	1.925	5802	5810
7	4	2.6475	5802	5812
44	46	1.665	5807	5815
19	18	1.2025	5812	5818
5	4	1.2025	5813	5819
18	17	1.2025	5813	5819
37	38	0.7025	5816	5822
58	57	1.2025	5817	5823
56	58	1.665	5816	5824
21	20	1.2025	5829	5835
2	1	1.2025	5831	5837
4	6	1.665	5831	5839
63	60	2.6475	5830	5840
10	9	1.2025	5837	5843
33	32	1.2025	5837	5843
16	18	1.665	5836	5844
26	25	1.2025	5846	5852
54	53	1.2025	5846	5852
51	49	1.925	5846	5854
12	14	1.665	5849	5857
42	43	0.7025	5851	5857
15	12	2.6475	5850	5860
55	53	1.925	5845	5860
35	32	2.6475	5851	5861
25	26	0.7025	5858	5864
28	30	1.665	5858	5866
43	41	1.925	5859	5867
57	58	0.7025	5862	5868
6	7	0.7025	5866	5872
33	32	1.2025	5867	5873
60	62	1.665	5867	5875
63	61	1.925	5868	5876
23	22	1.2025	5876	5882
7	5	1.925	5878	5886
53	52	1.2025	5883	5889
22	21	1.2025	5888	5894
17	16	1.2025	5889	5895
20	22	1.665	5890	5898
45	44	1.2025	5893	5899
6	5	1.2025	5895	5901
36	38	1.665	5894	5902
34	33	1.2025	5897	5903
25	24	1.2025	5906	5912
50	49	1.2025	5907	5913
54	53	1.2025	5907	5913
40	42	1.665	5906	5914
43	42	1.2025	5909	5919
24	26	1.665	5913	5921
32	34	1.665	5914	5922
50	49	1.2025	5916	5922
3	0	2.6475	5916	5926
0	2	1.665	5922	5930
14	13	1.2025	5925	5931
11	8	2.6475	5923	5933
47	46	1.2025	5933	5939
39	38	1.2025	5938	5944
5	4	1.2025	5939	5945
55	54	1.2025	5940	5946
41	40	1.2025	5943	5949
22	21	1.2025	5947	5953
1	0	1.2025	5948	5954
48	50	1.665	5947	5955
49	50	0.7025	5951	5961
51	49	1.925	5955	5963
7	6	1.2025	5966	5972
37	38	0.7025	5966	5972
63	62	1.2025	5966	5972
57	56	1.2025	5968	5974
18	17	1.2025	5971	5977
38	37	1.2025	5980	5986
35	33	1.925	5992	6000
42	41	1.2025	5996	6002
46	45	1.2025	5996	6002
27	26	1.2025	6007	6013
17	16	1.2025	6009	6015
29	28	1.2025	6011	6017
30	29	1.2025	6014	6020
10	9	1.2025	6015	6021
51	50	1.2025	6016	6022
12	13	0.7025	6017	6023
49	48	1.2025	6017	6023
32	34	1.665	6018	6026
26	25	1.2025	6023	6029
59	56	2.6475	6023	6033
17	19	1.665	6026	6034
28	30	1.665	6039	6047
13	12	1.2025	6042	6048
41	43	1.665	6040	6048
27	24	2.6475	6049	6059
25	24	1.2025	6058	6066
31	28	2.6475	6069	6079
33	35	1.665	6075	6083
6	5	1.2025	6079	6085
39	36	2.6475	6076	6086
8	9	0.7025	6082	6088
23	20	2.6475	6081	6091
14	13	1.2025	6086	6092
35	34	1.2025	6091	6097
10	9	1.2025	6092	6098
9	8	1.2025	6094	6100
2	1	1.2025	6095	6101
47	44	2.6475	6093	6103
0	2	1.665	6096	6104
26	25	1.2025	6099	6105
3	1	1.925	6094	6109
34	33	1.2025	6103	6109
37	36	1.2025	6104	6110
19	16	2.6475	6105	6115
43	40	2.6475	6111	6121
56	57	0.7025	6115	6121
21	20	1.2025	6123	6129
62	61	1.2025	6125	6131
44	45	0.7025	6129	6135
60	62	1.665	6128	6136
31	29	1.925	6130	6138
15	13	1.925	6135	6143
38	37	1.2025	6139	6145
24	25	0.7025	6140	6146
61	60	1.2025	6141	6147
35	33	1.925	6141	6149
18	17	1.2025	6148	6154
42	41	1.2025	6151	6157
52	53	0.7025	6153	6159
13	12	1.2025	6155	6161
45	47	1.665	6153	6161
55	52	2.6475	6158	6168
30	29	1.2025	6167	6173
53	52	1.2025	6166	6175
29	31	1.665	6168	6176
58	57	1.2025	6171	6177
23	21	1.925	6172	6180
49	48	1.2025	6176	6182
42	41	1.2025	6180	6186
6	5	1.2025	6184	6190
37	36	1.2025	6184	6190
63	61	1.925	6189	6197
20	21	0.7025	6194	6200
5	7	1.665	6194	6202
15	14	1.2025	6196	6202
45	47	1.665	6202	6210
29	31	1.665	6203	6211
19	17	1.925	6208	6216
11	9	1.925	6212	6220
21	23	1.665	6214	6222
55	53	1.925	6214	6222
51	48	2.6475	6215	6225
57	56	1.2025	6221	6227
16	17	0.7025	6222	6228
40	41	0.7025	6227	6233
30	29	1.2025	6229	6235
9	8	1.2025	6231	6237
11	10	1.2025	6233	6239
8	10	1.665	6234	6243
36	37	0.7025	6241	6247
59	57	1.925	6240	6248
3	2	1.2025	6244	6250
39	37	1.925	6240	6251
1	3	1.665	6247	6255
4	5	0.7025	6250	6256
48	49	0.7025	6256	6262
5	7	1.665	6259	6267
3	1	1.925	6270	6278
34	33	1.2025	6272	6278
47	45	1.925	6275	6283
23	22	1.2025	6278	6284
28	29	0.7025	6279	6285
56	58	1.665	6277	6285
7	5	1.925	6282	6290
33	35	1.665	6284	6292
13	15	1.665	6289	6297
57	59	1.665	6301	6309
44	46	1.665	6304	6312
27	25	1.925	6308	6316
61	63	1.665	6311	6319
15	13	1.925	6315	6323
59	58	1.2025	6318	6324
63	62	1.2025	6320	6326
46	45	1.2025	6322	6328
61	63	1.665	6324	6332
10	9	1.2025	6327	6333
43	41	1.925	6327	6335
40	42	1.665	6327	6335
38	37	1.2025	6330	6336
12	14	1.665	6333	6341
31	30	1.2025	6342	6348
53	55	1.665	6342	6350
50	49	1.2025	6348	6354
41	43	1.665	6348	6356
17	19	1.665	6350	6358
7	6	1.2025	6355	6361
9	11	1.665	6353	6361
21	23	1.665	6354	6362
39	38	1.2025	6361	6367
0	1	0.7025	6362	6368
52	54	1.665	6366	6374
22	21	1.2025	6371	6377
20	22	1.665	6374	6382
25	27	1.665	6374	6382
16	18	1.665	6375	6383
54	53	1.2025	6378	6384
13	15	1.665	6377	6385
19	18	1.2025	6380	6388
49	51	1.665	6390	6398
14	13	1.2025	6394	6400
58	56	1.925	6396	6404
32	33	0.7025	6403	6409
51	49	1.925	6405	6413
4	6	1.665	6414	6422
1	3	1.665	6420	6428
47	46	1.2025	6423	6429
35	34	1.2025	6436	6442
39	37	1.925	6435	6443
9	11	1.665	6440	6448
37	39	1.665	6444	6452
26	25	1.2025	6448	6454
60	61	0.7025	6454	6460
24	26	1.665	6454	6462
31	29	1.925	6457	6465
47	45	1.925	6457	6465
27	26	1.2025	6465	6471
60	62	1.665	6463	6471
18	17	1.2025	6469	6475
53	55	1.665	6468	6476
23	21	1.925	6475	6483
28	30	1.665	6476	6484
35	32	2.6475	6478	6488
43	42	1.2025	6488	6494
48	50	1.665	6487	6495
56	59	2.6275	6486	6496
2	1	1.2025	6492	6498
37	39	1.665	6490	6498
6	5	1.2025	6495	6501
38	37	1.2025	6495	6501
43	41	1.925	6498	6506
57	59	1.665	6499	6507
27	25	1.925	6508	6516
3	2	1.2025	6513	6519
49	51	1.665	6513	6521
36	38	1.665	6515	6523
62	60	1.925	6515	6523
50	48	1.925	6521	6529
15	14	1.2025	6526	6532
55	54	1.2025	6529	6535
19	17	1.925	6539	6547
32	34	1.665	6541	6549
11	9	1.925	6547	6555
51	50	1.2025	6549	6555
59	57	1.925	6551	6559
59	58	1.2025	6559	6566
42	41	1.2025	6562	6568
45	46	0.7025	6573	6579
25	27	1.665	6574	6582
11	10	1.2025	6582	6588
7	4	2.6475	6580	6590
20	23	2.6275	6582	6592
63	60	2.6475	6582	6592
54	52	1.925	6588	6596
0	2	1.665	6595	6603
23	22	1.2025	6609	6615
35	34	1.2025	6613	6619
58	57	1.2025	6614	6620
46	44	1.925	6621	6629
4	7	2.6275	6625	6635
47	46	1.2025	6633	6639
55	53	1.925	6635	6643
16	19	2.6275	6642	6652
14	12	1.925	6646	6654
30	29	1.2025	6655	6661
33	34	0.7025	6658	6664
8	11	2.6275	6657	6667
39	38	1.2025	6664	6670
15	12	2.6475	6661	6671
16	17	0.7025	6671	6677
62	61	1.2025	6678	6684
63	62	1.2025	6678	6684
40	43	2.6275	6688	6698
8	9	0.7025	6694	6700
10	8	1.925	6698	6706
12	15	2.6275	6696	6706
36	39	2.6275	6701	6711
52	55	2.6275	6705	6715
19	18	1.2025	6710	6716
31	30	1.2025	6713	6719
7	6	1.2025	6714	6720
3	0	2.6475	6711	6721
56	57	0.7025	6715	6721
34	32	1.925	6717	6725
22	20	1.925	6721	6729
56	58	1.665	6717	6730
51	49	1.925	6724	6732
24	27	2.6275	6723	6733
2	0	1.925	6726	6734
11	8	2.6475	6732	6742
44	47	2.6275	6734	6744
29	30	0.7025	6748	6754
44	45	0.7025	6748	6754
48	51	2.6275	6744	6754
26	24	1.925	6751	6759
13	14	0.7025	6763	6769
27	26	1.2025	6765	6771
12	13	0.7025	6766	6772
46	45	1.2025	6766	6772
52	53	0.7025	6769	6775
59	56	2.6475	6765	6775
7	4	2.6475	6766	6776
14	13	1.2025	6769	6776
62	60	1.925	6785	6793
19	16	2.6475	6785	6795
34	33	1.2025	6796	6802
3	2	1.2025	6807	6813
50	49	1.2025	6808	6814
54	53	1.2025	6812	6818
58	56	1.925	6810	6818
31	28	2.6475	6812	6822
51	50	1.2025	6818	6824
17	18	0.7025	6821	6827
16	18	1.665	6826	6834
1	2	0.7025	6830	6836
4	5	0.7025	6832	6838
17	18	0.7025	6835	6841
43	42	1.2025	6836	6842
27	24	2.6475	6837	6847
18	16	1.925	6840	6848
40	41	0.7025	6847	6853
33	34	0.7025	6853	6859
20	21	0.7025	6854	6860
55	54	1.2025	6858	6864
11	10	1.2025	6859	6865
51	48	2.6475	6857	6867
28	31	2.6275	6858	6868
46	44	1.925	6862	6870
5	6	0.7025	6871	6877
22	21	1.2025	6874	6880
35	32	2.6475	6877	6887
15	14	1.2025	6882	6888
23	20	2.6475	6878	6888
38	36	1.925	6885	6893
55	52	2.6475	6886	6896
61	62	0.7025	6894	6900
41	42	0.7025	6896	6902
30	28	1.925	6898	6906
47	44	2.6475	6899	6909
36	37	0.7025	6904	6910
8	10	1.665	6907	6915
63	60	2.6475	6905	6915
5	6	0.7025	6910	6916
12	14	1.665	6908	6916
45	46	0.7025	6912	6918
61	62	0.7025	6912	6918
24	25	0.7025	6918	6924
39	36	2.6475	6914	6924
42	40	1.925	6919	6927
60	63	2.6275	6912	6929
34	32	1.925	6922	6930
25	26	0.7025	6926	6932
10	9	1.2025	6930	6936
32	35	2.6275	6928	6938
32	33	0.7025	6940	6946
29	30	0.7025	6942	6948
35	33	1.925	6938	6950
0	3	2.6275	6947	6957
57	58	0.7025	6956	6962
62	63	0.7025	6961	6967
33	32	1.2025	6966	6972
1	2	0.7025	6967	6973
60	61	0.7025	6971	6977
21	22	0.7025	6972	6978
56	59	2.6275	6970	6980
26	25	1.2025	6977	6983
40	42	1.665	6975	6983
21	22	0.7025	6976	6985
24	26	1.665	6977	6985
46	47	0.7025	6981	6987
43	40	2.6475	6979	6989
2	1	1.2025	6985	6991
39	38	1.2025	6987	6993
41	42	0.7025	6987	6993
1	0	1.2025	6989	6995
48	49	0.7025	6990	6996
50	48	1.925	6992	7000
27	26	1.2025	6995	7001
28	29	0.7025	6996	7002
53	54	0.7025	6997	7003
36	38	1.665	6996	7004
63	61	1.925	6999	7007
18	17	1.2025	7003	7009
37	38	0.7025	7000	7010
13	14	0.7025	7007	7013
58	59	0.7025	7007	7013
14	12	1.925	7011	7019
6	4	1.925	7013	7021
4	6	1.665	7028	7036
19	18	1.2025	7030	7036
31	30	1.2025	7034	7040
44	46	1.665	7035	7043
5	4	1.2025	7040	7046
9	10	0.7025	7043	7049
3	0	2.6475	7040	7050
40	43	2.6275	7044	7054
59	58	1.2025	7053	7059
7	5	1.925	7056	7064
30	29	1.2025	7059	7065
26	24	1.925	7061	7069
52	54	1.665	7061	7069
23	22	1.2025	7067	7073
20	22	1.665	7069	7077
25	26	0.7025	7072	7078
45	44	1.2025	7072	7078
47	46	1.2025	7072	7078
7	6	1.2025	7074	7080
61	60	1.2025	7075	7081
54	52	1.925	7074	7082
22	20	1.925	7080	7088
62	61	1.2025	7085	7091
54	55	0.7025	7086	7092
49	50	0.7025	7087	7093
50	51	0.7025	7091	7097
38	37	1.2025	7092	7098
1	0	1.2025	7094	7100
42	41	1.2025	7095	7101
48	50	1.665	7088	7103
52	55	2.6275	7085	7105
0	1	0.7025	7101	7107
39	36	2.6475	7091	7108
10	8	1.925	7101	7109
15	12	2.6475	7102	7112
31	28	2.6475	7105	7115
10	11	0.7025	7109	7116
57	58	0.7025	7113	7119
14	15	0.7025	7115	7121
20	23	2.6275	7114	7124
21	20	1.2025	7123	7129
59	56	2.6475	7123	7133
8	11	2.6275	7127	7137
43	42	1.2025	7131	7137
58	57	1.2025	7128	7139
17	16	1.2025	7141	7147
16	19	2.6275	7137	7147
55	54	1.2025	7141	7147
46	45	1.2025	7147	7153
16	17	0.7025	7139	7154
11	8	2.6475	7146	7156
6	5	1.2025	7151	7157
13	12	1.2025	7153	7159
24	27	2.6275	7153	7163
53	54	0.7025	7158	7164
12	15	2.6275	7158	7168
28	30	1.665	7161	7169
26	27	0.7025	7168	7174
9	10	0.7025	7169	7175
18	16	1.925	7172	7180
33	32	1.2025	7174	7180
2	0	1.925	7173	7181
27	24	2.6475	7171	7181
56	57	0.7025	7177	7183
29	28	1.2025	7184	7190
38	36	1.925	7182	7190
51	50	1.2025	7186	7192
34	35	0.7025	7191	7197
23	20	2.6475	7190	7200
37	38	0.7025	7198	7204
32	34	1.665	7200	7208
6	4	1.925	7209	7217
30	28	1.925	7209	7217
35	34	1.2025	7214	7220
49	50	0.7025	7220	7226
4	7	2.6275	7218	7228
34	33	1.2025	7223	7229
60	62	1.665	7221	7229
44	47	2.6275	7224	7234
17	16	1.2025	7236	7242
41	40	1.2025	7236	7242
28	31	2.6275	7233	7243
53	52	1.2025	7237	7243
47	44	2.6475	7238	7248
63	62	1.2025	7244	7250
13	12	1.2025	7245	7251
45	44	1.2025	7242	7255
62	63	0.7025	7251	7257
57	56	1.2025	7259	7265
42	40	1.925	7258	7266
15	13	1.925	7259	7267
18	19	0.7025	7264	7270
38	39	0.7025	7264	7270
52	53	0.7025	7264	7270
3	1	1.925	7265	7273
14	13	1.2025	7264	7273
55	52	2.6475	7264	7274
58	59	0.7025	7269	7275
43	40	2.6475	7261	7278
46	47	0.7025	7272	7278
19	16	2.6475	7269	7279
10	9	1.2025	7278	7284
22	23	0.7025	7281	7287
33	35	1.665	7280	7288
60	63	2.6275	7278	7288
8	9	0.7025	7286	7292
0	2	1.665	7287	7295
30	31	0.7025	7291	7297
25	24	1.2025	7295	7301
48	51	2.6275	7291	7301
45	47	1.665	7295	7303
31	29	1.925	7310	7318
40	41	0.7025	7312	7318
12	13	0.7025	7314	7320
54	53	1.2025	7314	7320
3	2	1.2025	7315	7321
22	21	1.2025	7315	7321
47	45	1.925	7313	7321
61	60	1.2025	7318	7324
5	4	1.2025	7320	7326
36	39	2.6275	7316	7326
49	48	1.2025	7320	7326
48	49	0.7025	7321	7327
11	9	1.925	7321	7329
20	21	0.7025	7324	7330
12	13	0.7025	7325	7331
1	3	1.665	7326	7334
24	25	0.7025	7328	7334
59	57	1.925	7328	7336
51	48	2.6475	7327	7337
2	3	0.7025	7336	7342
16	17	0.7025	7339	7345
29	28	1.2025	7341	7347
32	35	2.6275	7345	7355
37	36	1.2025	7353	7359
15	14	1.2025	7354	7360
19	17	1.925	7353	7361
23	21	1.925	7355	7363
39	37	1.925	7355	7363
51	49	1.925	7359	7367
7	4	2.6475	7360	7370
27	25	1.925	7362	7370
39	38	1.2025	7362	7370
9	8	1.2025	7365	7371
63	60	2.6475	7361	7371
49	48	1.2025	7367	7373
6	7	0.7025	7373	7379
56	57	0.7025	7375	7381
8	9	0.7025	7379	7385
44	45	0.7025	7381	7387
50	49	1.2025	7382	7388
57	56	1.2025	7382	7388
5	7	1.665	7382	7390
56	58	1.665	7382	7390
42	43	0.7025	7386	7392
4	5	0.7025	7387	7393
17	19	1.665	7386	7394
41	40	1.2025	7391	7397
9	8	1.2025	7394	7400
62	61	1.2025	7395	7401
43	41	1.925	7399	7407
35	32	2.6475	7400	7410
26	25	1.2025	7411	7417
58	57	1.2025	7411	7417
55	53	1.925	7410	7418
13	15	1.665	7415	7423
63	60	2.6475	7417	7427
50	51	0.7025	7423	7429
3	0	2.6475	7426	7436
11	10	1.2025	7432	7438
24	25	0.7025	7432	7438
47	46	1.2025	7441	7447
4	5	0.7025	7442	7448
16	18	1.665	7442	7450
35	32	2.6475	7440	7450
2	1	1.2025	7448	7454
21	20	1.2025	7450	7456
0	3	2.6275	7451	7461
34	35	0.7025	7455	7461
53	52	1.2025	7455	7461
62	61	1.2025	7460	7466
25	24	1.2025	7464	7470
29	31	1.665	7464	7472
7	4	2.6475	7464	7474
20	21	0.7025	7468	7474
46	45	1.2025	7468	7474
48	49	0.7025	7468	7474
28	29	0.7025	7470	7476
33	35	1.665	7468	7476
28	29	0.7025	7480	7486
1	3	1.665	7479	7487
36	37	0.7025	7482	7488
43	42	1.2025	7482	7488
60	61	0.7025	7482	7488
37	36	1.2025	7483	7489
54	55	0.7025	7497	7503
0	1	0.7025	7499	7505
13	15	1.665	7497	7505
45	47	1.665	7500	7508
40	41	0.7025	7503	7509
59	58	1.2025	7504	7510
57	59	1.665	7509	7517
58	57	1.2025	7512	7518
23	22	1.2025	7513	7519
44	45	0.7025	7513	7519
61	63	1.665	7511	7519
30	29	1.2025	7518	7524
29	31	1.665	7518	7526
18	17	1.2025	7527	7533
24	26	1.665	7527	7535
10	11	0.7025	7531	7537
11	8	2.6475	7530	7540
17	19	1.665	7534	7542
6	5	1.2025	7539	7545
25	27	1.665	7537	7545
41	43	1.665	7539	7547
31	30	1.2025	7543	7549
14	15	0.7025	7544	7550
18	19	0.7025	7548	7554
42	41	1.2025	7549	7555
56	57	0.7025	7549	7555
61	63	1.665	7548	7556
30	31	0.7025	7551	7557
2	3	0.7025	7553	7559
40	42	1.665	7551	7559
15	12	2.6475	7552	7562
22	23	0.7025	7558	7564
57	59	1.665	7558	7566
32	33	0.7025	7561	7567
38	37	1.2025	7561	7567
59	56	2.6475	7558	7568
27	26	1.2025	7563	7569
8	10	1.665	7563	7571
20	22	1.665	7570	7578
49	51	1.665	7578	7586
4	6	1.665	7585	7593
52	53	0.7025	7591	7597
39	36	2.6475	7589	7599
9	11	1.665	7593	7601
43	40	2.6475	7592	7602
3	0	2.6475	7593	7603
19	18	1.2025	7599	7605
55	54	1.2025	7599	7605
58	57	1.2025	7605	7611
37	39	1.665	7606	7614
62	61	1.2025	7614	7620
21	23	1.665	7616	7624
48	50	1.665	7622	7630
54	53	1.2025	7634	7640
12	14	1.665	7633	7641
27	24	2.6475	7631	7641
22	21	1.2025	7636	7642
11	8	2.6475	7642	7652
53	55	1.665	7645	7653
23	20	2.6475	7644	7654
51	50	1.2025	7650	7656
12	13	0.7025	7652	7658
16	17	0.7025	7652	7658
19	16	2.6475	7649	7659
36	37	0.7025	7658	7664
15	12	2.6475	7669	7679
34	33	1.2025	7673	7679
5	7	1.665	7675	7683
42	43	0.7025	7681	7687
52	54	1.665	7680	7688
47	44	2.6475	7681	7691
22	21	1.2025	7687	7693
53	55	1.665	7686	7696
26	27	0.7025	7692	7697
8	9	0.7025	7695	7701
46	45	1.2025	7695	7701
10	9	1.2025	7702	7708
50	49	1.2025	7710	7716
49	51	1.665	7713	7721
44	46	1.665	7714	7722
47	44	2.6475	7718	7728
2	1	1.2025	7723	7729
14	13	1.2025	7723	7729
32	33	0.7025	7725	7731
20	21	0.7025	7728	7734
34	33	1.2025	7729	7735
50	49	1.2025	7732	7738
31	28	2.6475	7731	7741
4	5	0.7025	7740	7746
6	7	0.7025	7740	7746
7	5	1.925	7738	7750
60	61	0.7025	7746	7752
30	29	1.2025	7747	7753
56	58	1.665	7751	7759
18	17	1.2025	7754	7760
36	38	1.665	7752	7760
41	43	1.665	7753	7761
37	39	1.665	7756	7768
48	49	0.7025	7765	7771
21	23	1.665	7764	7772
55	52	2.6475	7771	7781
38	39	0.7025	7781	7787
60	62	1.665	7782	7790
24	25	0.7025	7788	7794
28	30	1.665	7787	7795
54	53	1.2025	7789	7795
63	61	1.925	7788	7796
33	34	0.7025	7793	7799
25	27	1.665	7796	7804
9	11	1.665	7800	7808
28	29	0.7025	7802	7808
43	40	2.6475	7801	7811
35	33	1.925	7804	7812
40	41	0.7025	7807	7813
16	18	1.665	7806	7814
0	1	0.7025	7813	7819
31	28	2.6475	7821	7831
52	53	0.7025	7831	7837
39	36	2.6475	7831	7841
12	14	1.665	7837	7845
23	20	2.6475	7835	7845
38	37	1.2025	7836	7847
51	48	2.6475	7841	7851
26	25	1.2025	7849	7855
19	16	2.6475	7852	7862
59	56	2.6475	7853	7863
42	41	1.2025	7863	7869
40	42	1.665	7862	7870
10	9	1.2025	7877	7883
55	52	2.6475	7873	7883
44	45	0.7025	7878	7884
36	37	0.7025	7881	7887
10	9	1.2025	7894	7900
4	6	1.665	7896	7904
14	13	1.2025	7898	7904
32	34	1.665	7897	7905
22	21	1.2025	7903	7909
46	45	1.2025	7903	7909
15	13	1.925	7903	7911
6	5	1.2025	7907	7913
24	26	1.665	7914	7922
20	22	1.665	7925	7933
27	24	2.6475	7926	7936
52	54	1.665	7928	7936
8	10	1.665	7938	7946
18	17	1.2025	7941	7947
35	34	1.2025	7948	7954
56	57	0.7025	7950	7956
33	34	0.7025	7950	7958
16	17	0.7025	7953	7959
11	9	1.925	7960	7968
36	38	1.665	7976	7984
51	48	2.6475	7974	7984
0	2	1.665	7977	7985
7	6	1.2025	7985	7991
30	29	1.2025	7985	7991
13	14	0.7025	7986	7992
34	33	1.2025	7988	7994
45	46	0.7025	7993	7999
2	1	1.2025	8001	8007
12	13	0.7025	8001	8007
54	53	1.2025	8005	8011
26	25	1.2025	8011	8017
44	46	1.665	8009	8017
62	61	1.2025	8019	8025
26	25	1.2025	8021	8027
42	41	1.2025	8025	8031
1	2	0.7025	8028	8034
58	57	1.2025	8036	8042
3	1	1.925	8036	8044
30	29	1.2025	8046	8052
32	33	0.7025	8049	8055
57	58	0.7025	8052	8058
15	14	1.2025	8053	8059
7	4	2.6475	8053	8063
5	6	0.7025	8059	8065
21	22	0.7025	8062	8068
59	57	1.925	8061	8069
48	50	1.665	8063	8071
63	62	1.2025	8066	8072
14	13	1.2025	8067	8073
43	41	1.925	8066	8074
0	1	0.7025	8072	8078
48	49	0.7025	8065	8078
50	49	1.2025	8077	8083
63	60	2.6475	8070	8083
60	61	0.7025	8079	8085
29	30	0.7025	8080	8086
4	5	0.7025	8111	8117
45	46	0.7025	8113	8119
28	30	1.665	8115	8123
35	32	2.6475	8113	8123
6	5	1.2025	8120	8126
38	37	1.2025	8121	8127
40	41	0.7025	8128	8134
20	21	0.7025	8130	8136
31	29	1.925	8128	8136
36	37	0.7025	8133	8139
8	9	0.7025	8134	8140
47	45	1.925	8137	8145
24	25	0.7025	8144	8150
25	26	0.7025	8144	8150
45	44	1.2025	8148	8154
46	45	1.2025	8150	8156
8	10	1.665	8150	8158
61	62	0.7025	8155	8161
33	32	1.2025	8157	8163
53	54	0.7025	8160	8166
3	2	1.2025	8161	8167
2	1	1.2025	8169	8175
13	14	0.7025	8173	8179
5	6	0.7025	8177	8183
61	62	0.7025	8177	8183
56	58	1.665	8178	8186
18	17	1.2025	8181	8187
28	29	0.7025	8181	8187
39	37	1.925	8179	8187
1	2	0.7025	8187	8193
9	10	0.7025	8187	8193
17	18	0.7025	8187	8193
4	6	1.665	8187	8195
11	10	1.2025	8195	8201
59	58	1.2025	8198	8204
44	45	0.7025	8201	8207
1	0	1.2025	8206	8212
21	22	0.7025	8209	8215
48	50	1.665	8207	8215
42	41	1.2025	8215	8221
23	21	1.925	8217	8225
29	30	0.7025	8222	8228
16	18	1.665	8224	8232
52	53	0.7025	8229	8235
32	34	1.665	8228	8236
17	18	0.7025	8228	8238
60	62	1.665	8232	8240
37	38	0.7025	8236	8242
38	37	1.2025	8237	8243
57	58	0.7025	8239	8245
33	32	1.2025	8241	8247
6	5	1.2025	8249	8255
27	25	1.925	8248	8256
55	53	1.925	8248	8256
12	14	1.665	8250	8258
41	42	0.7025	8256	8262
22	21	1.2025	8260	8266
11	8	2.6475	8257	8267
3	0	2.6475	8265	8275
50	49	1.2025	8269	8275
58	56	1.925	8273	8281
15	12	2.6475	8281	8291
37	38	0.7025	8286	8292
41	42	0.7025	8286	8292
27	26	1.2025	8288	8294
60	61	0.7025	8296	8302
19	17	1.925	8299	8307
24	26	1.665	8301	8309
30	29	1.2025	8303	8309
47	46	1.2025	8309	8315
51	49	1.925	8317	8325
34	33	1.2025	8323	8329
8	10	1.665	8322	8330
49	50	0.7025	8327	8333
0	2	1.665	8328	8336
20	22	1.665	8329	8337
44	46	1.665	8331	8339
14	13	1.2025	8337	8343
36	38	1.665	8336	8344
62	60	1.925	8338	8346
23	22	1.2025	8341	8347
40	42	1.665	8342	8350
48	50	1.665	8342	8350
39	38	1.2025	8345	8351
54	53	1.2025	8347	8353
61	60	1.2025	8348	8354
52	54	1.665	8349	8357
4	6	1.665	8351	8359
56	58	1.665	8353	8361
10	9	1.2025	8361	8367
0	1	0.7025	8362	8368
43	42	1.2025	8365	8371
26	25	1.2025	8377	8383
32	33	0.7025	8378	8384
29	28	1.2025	8380	8386
13	12	1.2025	8381	8387
43	40	2.6475	8383	8393
9	10	0.7025	8388	8394
47	44	2.6475	8385	8395
20	22	1.665	8388	8396
53	54	0.7025	8399	8405
2	1	1.2025	8400	8406
25	26	0.7025	8400	8406
16	18	1.665	8401	8409
31	30	1.2025	8405	8411
24	26	1.665	8400	8415
52	54	1.665	8407	8415
59	56	2.6475	8408	8418
35	33	1.925	8412	8420
28	30	1.665	8414	8422
37	36	1.2025	8417	8423
45	44	1.2025	8418	8424
12	14	1.665	8418	8426
58	57	1.2025	8423	8429
7	5	1.925	8422	8430
13	12	1.2025	8426	8432
19	18	1.2025	8432	8438
41	40	1.2025	8434	8440
1	0	1.2025	8437	8443
63	61	1.925	8437	8445
60	62	1.665	8437	8445
49	50	0.7025	8443	8449
39	36	2.6475	8441	8451
42	41	1.2025	8452	8458
57	56	1.2025	8452	8458
17	16	1.2025	8464	8470
5	4	1.2025	8465	8471
18	17	1.2025	8472	8478
62	61	1.2025	8476	8482
49	48	1.2025	8478	8484
36	38	1.665	8478	8486
21	20	1.2025	8489	8495
53	52	1.2025	8491	8497
0	2	1.665	8492	8500
55	54	1.2025	8494	8500
29	28	1.2025	8497	8503
46	44	1.925	8496	8504
40	42	1.665	8499	8506
7	5	1.925	8515	8523
44	46	1.665	8522	8530
25	24	1.2025	8526	8532
54	52	1.925	8525	8533
51	50	1.2025	8528	8534
3	1	1.925	8528	8536
5	4	1.2025	8533	8539
61	60	1.2025	8535	8541
32	34	1.665	8537	8545
23	20	2.6475	8539	8549
9	8	1.2025	8544	8550
45	47	1.665	8542	8550
9	8	1.2025	8548	8557
1	3	1.665	8552	8560
58	56	1.925	8555	8563
31	28	2.6475	8556	8566
46	45	1.2025	8560	8566
6	5	1.2025	8573	8579
33	35	1.665	8572	8580
27	24	2.6475	8575	8585
38	37	1.2025	8581	8587
29	31	1.665	8580	8588
55	52	2.6475	8579	8589
11	9	1.925	8593	8601
57	56	1.2025	8598	8604
34	32	1.925	8606	8614
28	30	1.665	8609	8617
7	6	1.2025	8616	8622
19	16	2.6475	8617	8627
35	33	1.925	8620	8628
62	60	1.925	8621	8629
22	20	1.925	8622	8630
37	36	1.2025	8630	8636
22	21	1.2025	8631	8637
10	8	1.925	8631	8639
12	13	0.7025	8635	8641
21	20	1.2025	8636	8642
56	57	0.7025	8643	8649
57	59	1.665	8641	8649
0	2	1.665	8642	8650
8	9	0.7025	8661	8667
33	35	1.665	8661	8669
62	63	0.7025	8672	8678
17	16	1.2025	8675	8681
14	12	1.925	8677	8685
50	48	1.925	8678	8686
25	24	1.2025	8683	8689
30	28	1.925	8681	8689
54	53	1.2025	8683	8689
15	13	1.925	8677	8692
18	16	1.925	8690	8698
40	41	0.7025	8696	8702
7	4	2.6475	8694	8704
59	57	1.925	8701	8709
45	47	1.665	8706	8714
1	3	1.665	8707	8715
29	31	1.665	8710	8718
51	48	2.6475	8710	8720
53	52	1.2025	8717	8723
26	24	1.925	8716	8724
41	40	1.2025	8719	8725
32	34	1.665	8719	8727
63	61	1.925	8721	8729
36	37	0.7025	8729	8735
13	15	1.665	8729	8737
9	11	1.665	8732	8740
61	63	1.665	8736	8744
16	17	0.7025	8745	8751
56	58	1.665	8751	8759
58	59	0.7025	8756	8762
10	9	1.2025	8762	8768
60	62	1.665	8763	8771
34	33	1.2025	8766	8772
49	48	1.2025	8769	8775
35	34	1.2025	8773	8779
53	55	1.665	8775	8783
61	63	1.665	8775	8783
8	10	1.665	8778	8786
47	45	1.925	8783	8791
4	5	0.7025	8790	8796
13	15	1.665	8798	8806
21	23	1.665	8802	8810
50	49	1.2025	8806	8812
15	13	1.925	8806	8814
57	59	1.665	8808	8816
5	7	1.665	8810	8818
11	9	1.925	8811	8819
59	57	1.925	8811	8819
22	20	1.925	8815	8823
25	27	1.665	8815	8823
2	0	1.925	8818	8826
20	21	0.7025	8821	8827
34	32	1.925	8823	8831
44	45	0.7025	8828	8834
24	25	0.7025	8829	8835
46	44	1.925	8828	8836
48	49	0.7025	8831	8837
17	19	1.665	8831	8839
14	13	1.2025	8838	8844
20	22	1.665	8838	8846
3	1	1.925	8845	8853
14	12	1.925	8842	8853
21	23	1.665	8845	8854
12	14	1.665	8847	8855
38	36	1.925	8848	8856
46	47	0.7025	8850	8856
39	37	1.925	8857	8865
28	29	0.7025	8860	8866
15	14	1.2025	8861	8867
6	4	1.925	8861	8869
16	18	1.665	8861	8869
52	53	0.7025	8868	8874
58	57	1.2025	8868	8874
40	42	1.665	8870	8878
24	26	1.665	8871	8879
52	54	1.665	8879	8887
41	43	1.665	8881	8889
43	41	1.925	8889	8897
37	39	1.665	8890	8898
63	62	1.2025	8894	8900
6	5	1.2025	8896	8902
27	25	1.925	8894	8902
50	48	1.925	8894	8902
23	21	1.925	8897	8905
4	6	1.665	8899	8907
55	53	1.925	8905	8913
44	46	1.665	8908	8916
2	1	1.2025	8913	8919
31	29	1.925	8913	8921
62	61	1.2025	8917	8923
48	50	1.665	8918	8926
32	33	0.7025	8922	8928
31	29	1.925	8916	8930
5	7	1.665	8933	8941
38	37	1.2025	8938	8944
42	40	1.925	8939	8947
30	29	1.2025	8945	8951
19	17	1.925	8944	8952
49	51	1.665	8946	8954
9	11	1.665	8947	8955
47	45	1.925	8947	8955
18	17	1.2025	8951	8958
54	52	1.925	8950	8958
36	38	1.665	8954	8962
25	27	1.665	8956	8964
0	1	0.7025	8969	8975
49	51	1.665	8974	8982
7	5	1.925	8977	8985
47	46	1.2025	8988	8994
3	2	1.2025	8989	8995
10	8	1.925	8994	9002
11	10	1.2025	8996	9002
17	19	1.665	8995	9003
35	32	2.6475	8996	9006
39	37	1.925	9002	9010
2	0	1.925	9005	9013
28	30	1.665	9008	9016
51	49	1.925	9017	9025
42	41	1.2025	9020	9026
62	63	0.7025	9021	9027
22	23	0.7025	9028	9034
18	16	1.925	9027	9035
58	59	0.7025	9035	9041
53	55	1.665	9042	9050
26	25	1.2025	9052	9058
63	60	2.6475	9050	9060
41	43	1.665	9055	9063
37	39	1.665	9056	9064
26	24	1.925	9058	9067
43	41	1.925	9060	9068
6	4	1.925	9065	9073
27	25	1.925	9053	9075
30	28	1.925	9067	9075
23	21	1.925	9068	9076
16	19	2.6275	9077	9087
3	0	2.6475	9078	9088
55	53	1.925	9085	9093
14	15	0.7025	9090	9096
60	61	0.7025	9094	9100
19	17	1.925	9096	9104
46	45	1.2025	9117	9123
54	55	0.7025	9120	9126
56	59	2.6275	9122	9132
62	61	1.2025	9128	9134
33	34	0.7025	9129	9135
59	58	1.2025	9134	9140
19	18	1.2025	9137	9143
56	57	0.7025	9137	9143
42	40	1.925	9141	9149
34	35	0.7025	9145	9151
59	56	2.6475	9143	9153
11	8	2.6475	9144	9154
8	11	2.6275	9147	9157
7	6	1.2025	9158	9164
50	51	0.7025	9159	9165
15	12	2.6475	9156	9166
12	15	2.6275	9157	9167
34	33	1.2025	9165	9171
45	46	0.7025	9167	9173
23	22	1.2025	9169	9175
4	7	2.6275	9170	9180
1	2	0.7025	9176	9182
40	43	2.6275	9174	9184
20	23	2.6275	9175	9185
10	11	0.7025	9180	9186
35	33	1.925	9178	9186
50	49	1.2025	9181	9187
51	49	1.925	9186	9194
63	61	1.925	9186	9194
27	26	1.2025	9194	9200
61	62	0.7025	9195	9201
43	42	1.2025	9205	9211
32	34	1.665	9208	9216
48	51	2.6275	9206	9216
39	38	1.2025	9220	9226
7	5	1.925	9221	9229
55	54	1.2025	9227	9233
11	9	1.925	9229	9237
24	27	2.6275	9232	9242
47	44	2.6475	9237	9247
2	3	0.7025	9247	9253
51	50	1.2025	9247	9253
60	62	1.665	9247	9255
31	30	1.2025	9250	9256
47	45	1.925	9248	9256
46	47	0.7025	9252	9258
6	7	0.7025	9260	9266
46	45	1.2025	9260	9266
3	1	1.925	9259	9267
54	53	1.2025	9268	9274
63	62	1.2025	9276	9282
22	21	1.2025	9277	9283
36	39	2.6275	9275	9285
27	24	2.6475	9277	9287
0	2	1.665	9280	9288
14	13	1.2025	9283	9289
30	31	0.7025	9285	9291
58	57	1.2025	9286	9292
24	25	0.7025	9291	9297
30	29	1.2025	9288	9298
38	36	1.925	9290	9298
38	39	0.7025	9306	9312
45	46	0.7025	9308	9314
4	5	0.7025	9311	9317
35	34	1.2025	9311	9317
59	57	1.925	9309	9317
18	19	0.7025	9322	9328
10	9	1.2025	9325	9331
15	13	1.925	9329	9337
29	30	0.7025	9334	9340
43	40	2.6475	9339	9349
52	55	2.6275	9341	9351
16	17	0.7025	9348	9354
33	34	0.7025	9349	9355
61	62	0.7025	9354	9360
44	47	2.6275	9356	9366
12	13	0.7025	9362	9368
23	20	2.6475	9358	9368
26	27	0.7025	9366	9372
17	18	0.7025	9371	9377
26	25	1.2025	9370	9379
23	21	1.925	9374	9382
5	6	0.7025	9377	9383
55	52	2.6475	9374	9384
44	45	0.7025	9383	9389
40	41	0.7025	9386	9392
55	53	1.925	9380	9393
58	57	1.2025	9388	9394
48	49	0.7025	9389	9395
15	14	1.2025	9390	9396
9	10	0.7025	9394	9400
42	43	0.7025	9394	9400
39	36	2.6475	9394	9404
31	28	2.6475	9395	9405
8	9	0.7025	9401	9407
57	58	0.7025	9409	9415
35	33	1.925	9414	9422
1	2	0.7025	9417	9423
46	45	1.2025	9428	9434
62	61	1.2025	9428	9434
38	37	1.2025	9438	9444
52	53	0.7025	9439	9445
56	58	1.665	9437	9445
21	22	0.7025	9446	9452
47	46	1.2025	9446	9452
13	14	0.7025	9447	9453
22	23	0.7025	9456	9462
8	10	1.665	9455	9463
19	16	2.6475	9454	9464
28	31	2.6275	9454	9464
34	35	0.7025	9461	9467
20	21	0.7025	9463	9469
24	26	1.665	9461	9469
39	37	1.925	9461	9469
0	3	2.6275	9460	9470
3	2	1.2025	9466	9472
10	11	0.7025	9468	9474
27	25	1.925	9466	9474
50	51	0.7025	9470	9476
56	59	2.6275	9468	9478
12	14	1.665	9472	9480
33	32	1.2025	9474	9480
25	26	0.7025	9476	9482
29	30	0.7025	9476	9482
54	55	0.7025	9479	9485
16	18	1.665	9480	9488
20	22	1.665	9481	9489
37	38	0.7025	9486	9492
36	37	0.7025	9487	9493
18	17	1.2025	9488	9494
40	42	1.665	9490	9498
2	1	1.2025	9493	9499
10	9	1.2025	9496	9502
51	48	2.6475	9493	9503
63	61	1.925	9500	9508
41	42	0.7025	9504	9510
11	10	1.2025	9505	9511
50	49	1.2025	9505	9511
57	58	0.7025	9506	9512
30	31	0.7025	9507	9513
7	6	1.2025	9509	9515
35	34	1.2025	9511	9517
28	29	0.7025	9512	9518
6	5	1.2025	9513	9519
26	27	0.7025	9515	9521
54	53	1.2025	9516	9522
55	54	1.2025	9516	9522
31	29	1.925	9515	9523
53	54	0.7025	9520	9526
43	41	1.925	9523	9531
59	58	1.2025	9537	9543
5	6	0.7025	9544	9550
18	19	0.7025	9546	9552
42	41	1.2025	9548	9554
14	15	0.7025	9556	9562
44	46	1.665	9555	9563
32	35	2.6275	9554	9564
49	50	0.7025	9560	9566
45	44	1.2025	9563	9569
61	60	1.2025	9567	9573
46	45	1.2025	9568	9574
5	4	1.2025	9570	9576
16	19	2.6275	9570	9580
51	49	1.925	9572	9580
11	9	1.925	9575	9583
13	14	0.7025	9577	9583
62	61	1.2025	9578	9584
31	30	1.2025	9583	9589
58	57	1.2025	9584	9590
43	42	1.2025	9585	9591
41	42	0.7025	9587	9595
52	54	1.665	9590	9598
19	17	1.925	9593	9601
17	18	0.7025	9600	9606
40	43	2.6275	9589	9606
4	6	1.665	9599	9607
14	13	1.2025	9611	9617
4	7	2.6275	9603	9618
45	44	1.2025	9617	9623
34	33	1.2025	9620	9626
38	39	0.7025	9620	9626
27	26	1.2025	9621	9627
22	21	1.2025	9622	9628
60	63	2.6275	9619	9629
25	26	0.7025	9625	9631
53	54	0.7025	9626	9632
49	50	0.7025	9628	9634
21	22	0.7025	9629	9635
36	38	1.665	9627	9635
6	7	0.7025	9630	9636
22	21	1.2025	9633	9639
30	29	1.2025	9633	9639
3	1	1.925	9632	9640
29	28	1.2025	9637	9643
7	4	2.6475	9638	9648
34	33	1.2025	9643	9649
2	3	0.7025	9644	9650
29	28	1.2025	9644	9650
18	17	1.2025	9645	9651
48	50	1.665	9643	9651
60	61	0.7025	9645	9651
47	45	1.925	9650	9658
17	16	1.2025	9656	9662
33	32	1.2025	9660	9666
1	0	1.2025	9668	9674
0	1	0.7025	9671	9677
41	40	1.2025	9672	9678
15	13	1.925	9671	9679
11	10	1.2025	9677	9683
23	22	1.2025	9680	9686
16	17	0.7025	9682	9688
50	49	1.2025	9684	9690
47	46	1.2025	9687	9693
37	38	0.7025	9690	9696
55	53	1.925	9695	9703
9	10	0.7025	9699	9705
32	33	0.7025	9699	9705
57	56	1.2025	9700	9706
51	50	1.2025	9702	9708
63	62	1.2025	9703	9709
42	43	0.7025	9710	9716
39	38	1.2025	9712	9718
1	0	1.2025	9714	9720
24	27	2.6275	9710	9720
37	36	1.2025	9717	9723
13	12	1.2025	9719	9725
14	13	1.2025	9719	9725
8	11	2.6275	9717	9727
12	15	2.6275	9717	9727
12	13	0.7025	9730	9736
2	1	1.2025	9731	9737
6	5	1.2025	9734	9740
59	57	1.925	9734	9742
23	21	1.925	9740	9748
56	57	0.7025	9748	9754
63	60	2.6475	9746	9756
43	41	1.925	9751	9759
19	18	1.2025	9755	9761
58	57	1.2025	9755	9761
49	48	1.2025	9756	9762
61	60	1.2025	9752	9763
28	30	1.665	9772	9780
22	21	1.2025	9777	9783
50	49	1.2025	9783	9789
5	4	1.2025	9784	9790
39	37	1.925	9782	9790
30	29	1.2025	9785	9791
8	9	0.7025	9788	9794
59	58	1.2025	9788	9794
7	6	1.2025	9789	9795
57	56	1.2025	9791	9797
27	25	1.925	9794	9802
60	62	1.665	9796	9804
19	17	1.925	9797	9805
9	8	1.2025	9804	9810
20	23	2.6275	9800	9810
44	47	2.6275	9801	9811
53	52	1.2025	9805	9811
25	24	1.2025	9807	9813
54	53	1.2025	9808	9814
35	32	2.6475	9809	9819
10	9	1.2025	9816	9822
52	55	2.6275	9812	9822
2	1	1.2025	9817	9823
40	41	0.7025	9820	9826
36	39	2.6275	9817	9827
15	14	1.2025	9822	9828
48	51	2.6275	9820	9830
26	25	1.2025	9827	9833
36	37	0.7025	9822	9834
10	9	1.2025	9831	9837
24	25	0.7025	9829	9837
16	17	0.7025	9832	9838
13	12	1.2025	9837	9843
17	16	1.2025	9837	9843
41	40	1.2025	9840	9846
21	20	1.2025	9841	9847
33	35	1.665	9844	9852
45	47	1.665	9845	9853
1	3	1.665	9848	9856
26	25	1.2025	9852	9858
62	61	1.2025	9855	9861
42	41	1.2025	9859	9865
56	57	0.7025	9864	9870
32	34	1.665	9863	9871
42	41	1.2025	9865	9872
31	29	1.925	9867	9875
0	2	1.665	9869	9877
20	21	0.7025	9872	9878
18	17	1.2025	9874	9880
3	2	1.2025	9875	9882
31	30	1.2025	9877	9883
55	54	1.2025	9878	9884
37	36	1.2025	9890	9896
21	20	1.2025	9893	9899
23	22	1.2025	9895	9901
34	33	1.2025	9896	9902
46	45	1.2025	9896	9902
29	31	1.665	9896	9904
4	5	0.7025	9905	9911
39	38	1.2025	9905	9911
28	31	2.6275	9895	9912
3	0	2.6475	9906	9916
40	41	0.7025	9912	9918
59	56	2.6475	9912	9922
54	53	1.2025	9919	9925
0	3	2.6275	9926	9936
52	53	0.7025	9933	9939
5	7	1.665	9933	9941
48	49	0.7025	9935	9941
38	37	1.2025	9937	9943
47	44	2.6475	9935	9945
13	15	1.665	9939	9947
43	42	1.2025	9945	9951
45	47	1.665	9951	9959
7	4	2.6475	9955	9965
25	24	1.2025	9959	9965
12	13	0.7025	9961	9967
18	17	1.2025	9963	9969
63	62	1.2025	9963	9969
27	26	1.2025	9965	9971
51	49	1.925	9964	9972
7	5	1.925	9957	9974
44	45	0.7025	9974	9980
6	5	1.2025	9975	9981
27	24	2.6475	9978	9988
35	34	1.2025	9983	9989
57	59	1.665	9983	9991
25	27	1.665	9985	9993
19	18	1.2025	9993	9999
44	45	0.7025	9994	10000
14	13	1.2025	9995	10001
30	29	1.2025	9995	10001
61	63	1.665	9993	10001
9	8	1.2025	10000	10006
33	35	1.665	10003	10011
11	8	2.6475	10002	10012
15	12	2.6475	9997	10014
55	52	2.6475	10007	10017
38	37	1.2025	10014	10020
13	15	1.665	10027	10035
28	29	0.7025	10035	10041
43	40	2.6475	10033	10043
8	9	0.7025	10039	10045
24	25	0.7025	10046	10052
49	48	1.2025	10046	10052
32	35	2.6275	10043	10053
53	52	1.2025	10048	10054
8	10	1.665	10047	10055
28	29	0.7025	10053	10059
60	63	2.6275	10050	10060
21	23	1.665	10053	10061
56	58	1.665	10053	10061
4	5	0.7025	10061	10067
0	1	0.7025	10071	10077
29	31	1.665	10072	10080
12	14	1.665	10078	10086
9	11	1.665	10081	10089
37	39	1.665	10084	10092
48	49	0.7025	10086	10092
2	1	1.2025	10089	10095
36	37	0.7025	10091	10097
49	51	1.665	10091	10099
20	21	0.7025	10096	10102
11	10	1.2025	10098	10104
58	56	1.925	10096	10104
15	14	1.2025	10099	10105
57	59	1.665	10098	10106
41	43	1.665	10099	10107
59	58	1.2025	10102	10108
19	16	2.6475	10102	10112
34	33	1.2025	10106	10112
47	46	1.2025	10106	10112
24	26	1.665	10105	10113
41	43	1.665	10114	10122
47	44	2.6475	10110	10123
5	7	1.665	10123	10131
25	27	1.665	10124	10132
51	50	1.2025	10127	10133
7	6	1.2025	10129	10135
26	25	1.2025	10129	10135
3	2	1.2025	10135	10141
52	53	0.7025	10136	10142
27	26	1.2025	10137	10143
1	3	1.665	10142	10150
42	41	1.2025	10144	10150
22	21	1.2025	10151	10157
11	8	2.6475	10152	10162
35	32	2.6475	10154	10164
16	18	1.665	10158	10166
61	63	1.665	10158	10166
17	19	1.665	10162	10174
39	36	2.6475	10165	10175
56	57	0.7025	10177	10183
53	55	1.665	10186	10194
32	33	0.7025	10197	10203
6	5	1.2025	10208	10214
63	60	2.6475	10204	10214
40	42	1.665	10207	10215
55	54	1.2025	10214	10220
58	57	1.2025	10215	10221
62	60	1.925	10210	10222
31	28	2.6475	10216	10226
36	38	1.665	10221	10229
50	49	1.2025	10224	10230
60	61	0.7025	10226	10232
35	33	1.925	10225	10233
63	61	1.925	10218	10236
23	20	2.6475	10234	10244
38	37	1.2025	10241	10247
28	30	1.665	10240	10248
48	50	1.665	10240	10248
43	42	1.2025	10243	10249
56	58	1.665	10241	10249
12	13	0.7025	10251	10257
20	22	1.665	10253	10261
52	54	1.665	10262	10270
54	53	1.2025	10270	10276
20	21	0.7025	10273	10279
3	0	2.6475	10280	10290
10	9	1.2025	10287	10293
21	23	1.665	10298	10306
52	53	0.7025	10306	10312
17	19	1.665	10306	10314
4	6	1.665	10307	10315
51	48	2.6475	10305	10315
24	25	0.7025	10311	10317
30	29	1.2025	10313	10319
15	12	2.6475	10310	10320
44	46	1.665	10314	10322
7	4	2.6475	10314	10324
46	44	1.925	10317	10325
32	33	0.7025	10328	10334
59	56	2.6475	10325	10335
0	1	0.7025	10330	10336
49	51	1.665	10331	10339
43	40	2.6475	10336	10346
23	22	1.2025	10341	10347
33	18	2.3675	10340	10350
16	17	0.7025	10347	10353
40	41	0.7025	10348	10354
9	11	1.665	10351	10359
53	55	1.665	10354	10362
37	39	1.665	10359	10367
8	9	0.7025	10362	10368
26	25	1.2025	10366	10372
32	34	1.665	10367	10375
55	52	2.6475	10367	10377
14	13	1.2025	10377	10383
16	18	1.665	10376	10384
31	30	1.2025	10381	10387
6	5	1.2025	10382	10388
19	18	1.2025	10378	10389
59	57	1.925	10387	10395
47	45	1.925	10388	10396
39	38	1.2025	10401	10407
24	26	1.665	10401	10409
18	17	1.2025	10406	10412
2	1	1.2025	10410	10416
8	10	1.665	10412	10420
47	46	1.2025	10417	10423
48	49	0.7025	10422	10428
51	50	1.2025	10422	10428
48	50	1.665	10424	10437
38	37	1.2025	10434	10440
40	42	1.665	10432	10440
29	18	2.985	10432	10444
15	13	1.925	10439	10447
27	24	2.6475	10440	10450
22	20	1.925	10437	10452
62	61	1.2025	10456	10462
28	29	0.7025	10458	10464
54	52	1.925	10458	10466
60	61	0.7025	10462	10468
46	45	1.2025	10463	10469
11	9	1.925	10469	10477
39	36	2.6475	10469	10479
44	45	0.7025	10475	10481
63	62	1.2025	10475	10481
4	5	0.7025	10477	10483
36	37	0.7025	10479	10485
23	20	2.6475	10476	10486
31	28	2.6475	10477	10487
20	22	1.665	10483	10491
0	2	1.665	10484	10492
35	34	1.2025	10491	10497
27	25	1.925	10492	10500
19	16	2.6475	10500	10510
12	14	1.665	10508	10516
56	57	0.7025	10510	10516
46	44	1.925	10510	10518
45	20	2.46	10510	10522
16	17	0.7025	10519	10525
3	1	1.925	10518	10526
63	60	2.6475	10519	10529
7	4	2.6475	10520	10530
36	38	1.665	10525	10533
45	20	3.085	10516	10535
59	58	1.2025	10529	10535
15	14	1.2025	10530	10536
1	18	1.6475	10529	10539
56	58	1.665	10541	10549
42	41	1.2025	10544	10550
61	20	5.01	10522	10551
44	46	1.665	10553	10561
14	12	1.925	10555	10563
30	28	1.925	10558	10566
58	56	1.925	10564	10572
4	6	1.665	10565	10573
34	32	1.925	10575	10583
3	2	1.2025	10586	10592
33	18	2.3675	10599	10609
51	48	2.6475	10603	10613
29	18	2.72	10599	10615
60	62	1.665	10613	10621
52	54	1.665	10616	10624
43	41	1.925	10626	10634
58	59	0.7025	10628	10634
13	18	2.875	10624	10636
48	49	0.7025	10632	10638
11	10	1.2025	10633	10639
31	29	1.925	10631	10639
22	21	1.2025	10636	10642
40	41	0.7025	10636	10642
9	18	0.925	10633	10643
62	60	1.925	10638	10646
12	13	0.7025	10644	10650
35	32	2.6475	10640	10650
19	17	1.925	10644	10652
23	21	1.925	10639	10654
39	37	1.925	10647	10655
32	33	0.7025	10650	10656
55	53	1.925	10649	10657
45	26	3.0575	10647	10661
28	30	1.665	10654	10662
10	8	1.925	10656	10664
60	61	0.7025	10659	10665
50	48	1.925	10658	10666
41	18	3.33	10655	10667
52	53	0.7025	10661	10667
47	44	2.6475	10661	10671
24	25	0.7025	10667	10673
0	1	0.7025	10668	10674
18	16	1.925	10666	10674
33	26	1.405	10661	10676
27	26	1.2025	10670	10681
63	60	2.6475	10679	10689
5	18	3.3375	10676	10690
36	37	0.7025	10687	10693
4	5	0.7025	10690	10696
17	18	0.7025	10695	10701
10	9	1.2025	10696	10702
24	26	1.665	10695	10703
5	18	3.5725	10679	10705
1	18	1.6475	10701	10713
8	9	0.7025	10709	10715
21	18	2.6475	10708	10719
16	18	1.665	10715	10725
46	47	0.7025	10725	10731
2	0	1.925	10724	10732
14	13	1.2025	10730	10736
62	63	0.7025	10734	10740
21	18	2.6475	10732	10742
15	12	2.6475	10734	10744
25	18	1.665	10739	10748
43	42	1.2025	10743	10749
54	53	1.2025	10744	10750
35	32	2.6475	10742	10752
47	44	2.6475	10746	10756
34	33	1.2025	10747	10758
20	21	0.7025	10766	10772
12	14	1.665	10773	10781
20	22	1.665	10775	10783
51	49	1.925	10776	10784
26	24	1.925	10780	10788
13	18	3.36	10780	10792
3	0	2.6475	10784	10794
57	20	6.66	10778	10798
0	2	1.665	10797	10805
13	26	3.3375	10784	10807
19	18	1.2025	10810	10816
59	56	2.6475	10807	10817
26	25	1.2025	10814	10820
54	52	1.925	10812	10820
10	8	1.925	10813	10821
49	20	5.6975	10803	10821
44	45	0.7025	10817	10823
55	54	1.2025	10821	10827
51	50	1.2025	10823	10829
9	18	1.535	10825	10833
40	42	1.665	10814	10836
29	26	2.6475	10828	10838
50	49	1.2025	10832	10838
61	20	4.385	10810	10842
48	50	1.665	10834	10842
11	8	2.6475	10834	10844
40	42	1.665	10825	10845
43	40	2.6475	10837	10847
5	44	4.31	10832	10848
52	54	1.665	10845	10853
11	8	2.6475	10841	10855
55	52	2.6475	10835	10855
56	58	1.665	10847	10855
61	22	5.255	10816	10859
32	34	1.665	10851	10859
8	10	1.665	10854	10862
39	38	1.2025	10856	10862
37	18	3.0575	10850	10864
42	40	1.925	10859	10867
6	4	1.925	10862	10870
25	18	1.405	10868	10876
49	20	5.6975	10858	10876
28	29	0.7025	10875	10881
27	24	2.6475	10875	10885
59	56	2.6475	10875	10885
4	6	1.665	10883	10891
18	17	1.2025	10888	10894
37	18	2.6775	10852	10895
34	32	1.925	10888	10896
57	20	6.92	10802	10898
30	29	1.2025	10892	10898
31	30	1.2025	10899	10905
33	26	1.665	10898	10906
62	61	1.2025	10900	10906
58	57	1.2025	10902	10908
53	20	3.4225	10894	10909
41	18	3.33	10895	10911
7	5	1.925	10917	10925
16	18	1.665	10917	10925
38	36	1.925	10919	10927
8	10	1.665	10920	10928
23	22	1.2025	10923	10929
50	48	1.925	10926	10934
41	26	2.3675	10929	10939
19	16	2.6475	10937	10947
45	26	2.7925	10942	10956
2	1	1.2025	10954	10960
43	40	2.6475	10950	10960
60	62	1.665	10952	10960
36	38	1.665	10958	10966
14	12	1.925	10959	10967
24	26	1.665	10959	10967
39	36	2.6475	10957	10967
0	1	0.7025	10962	10968
42	41	1.2025	10962	10968
3	0	2.6475	10953	10970
6	5	1.2025	10968	10974
36	38	1.665	10967	10975
14	15	0.7025	10973	10979
45	35	2.2625	10962	10979
1	44	3.97	10962	10982
22	20	1.925	10975	10983
46	45	1.2025	10977	10983
28	30	1.665	10977	10985
44	46	1.665	10978	10986
61	22	5.255	10971	10987
15	12	2.6475	10981	10991
27	24	2.6475	10981	10991
10	11	0.7025	10995	11001
53	20	3.4225	10993	11007
57	22	8.065	10995	11019
29	26	2.6475	11010	11020
32	33	0.7025	11018	11024
42	40	1.925	11017	11025
0	2	1.665	11020	11028
21	26	2.875	11012	11031
17	18	0.7025	11026	11032
6	4	1.925	11026	11034
33	35	1.665	11028	11036
49	26	3.33	11028	11040
54	55	0.7025	11036	11042
12	14	1.665	11038	11046
37	26	2.985	11026	11047
35	33	1.925	11041	11049
5	44	4.805	11034	11050
31	28	2.6475	11046	11056
55	52	2.6475	11046	11056
23	20	2.6475	11050	11060
63	61	1.925	11053	11061
30	28	1.925	11048	11064
1	44	3.97	11044	11064
7	6	1.2025	11059	11065
56	57	0.7025	11060	11066
26	24	1.925	11059	11067
19	16	2.6475	11059	11069
18	16	1.925	11063	11077
20	22	1.665	11069	11077
34	35	0.7025	11071	11077
48	50	1.665	11074	11082
32	34	1.665	11075	11083
9	26	1.6475	11074	11084
51	48	2.6475	11076	11086
58	59	0.7025	11080	11086
18	19	0.7025	11082	11088
21	26	3.11	11087	11099
34	33	1.2025	11094	11100
52	54	1.665	11096	11104
3	1	1.925	11101	11109
25	26	0.7025	11106	11112
46	47	0.7025	11109	11115
29	35	2.1525	11107	11117
7	4	2.6475	11109	11119
60	61	0.7025	11113	11119
10	9	1.2025	11117	11123
58	57	1.2025	11118	11124
38	37	1.2025	11120	11126
44	46	1.665	11120	11128
13	26	3.8225	11116	11130
30	31	0.7025	11134	11140
24	25	0.7025	11139	11145
1	43	3.8925	11131	11149
4	6	1.665	11146	11154
22	23	0.7025	11148	11154
32	34	1.665	11146	11154
61	30	4.2925	11144	11158
62	63	0.7025	11154	11160
41	26	2.3675	11155	11165
57	22	8.325	11142	11166
13	43	4.05	11153	11169
9	26	1.6475	11161	11171
39	36	2.6475	11164	11174
33	35	1.665	11169	11177
23	20	2.6475	11158	11178
2	0	1.925	11172	11180
35	34	1.2025	11174	11180
54	53	1.2025	11176	11182
17	26	0.925	11169	11184
50	51	0.7025	11184	11190
6	7	0.7025	11191	11197
33	51	1.725	11186	11198
0	2	1.665	11198	11206
50	49	1.2025	11202	11208
29	35	2.3875	11200	11210
62	61	1.2025	11204	11210
37	26	2.72	11199	11211
59	57	1.925	11204	11212
54	55	0.7025	11213	11219
42	43	0.7025	11216	11222
45	35	1.9975	11217	11227
31	28	2.6475	11220	11230
22	21	1.2025	11225	11231
53	22	4.2925	11217	11231
41	35	2.3675	11219	11233
14	13	1.2025	11228	11234
49	26	3.33	11219	11245
11	9	1.925	11241	11249
47	45	1.925	11241	11249
28	30	1.665	11244	11252
51	48	2.6475	11243	11253
47	46	1.2025	11249	11256
25	26	0.7025	11257	11263
16	17	0.7025	11258	11264
58	57	1.2025	11266	11272
34	35	0.7025	11268	11274
38	36	1.925	11267	11275
48	49	0.7025	11272	11278
26	27	0.7025	11275	11281
45	51	2.1525	11273	11283
25	35	1.5025	11266	11286
15	13	1.925	11280	11288
46	45	1.2025	11282	11288
60	62	1.665	11284	11292
56	58	1.665	11291	11299
12	13	0.7025	11294	11300
53	22	4.2925	11287	11301
40	41	0.7025	11300	11306
38	39	0.7025	11305	11311
63	62	1.2025	11305	11311
43	41	1.925	11304	11312
24	26	1.665	11305	11313
21	35	2.865	11301	11313
13	43	4.545	11307	11323
60	62	1.665	11319	11327
2	3	0.7025	11328	11334
61	30	4.2925	11320	11334
5	43	5.0325	11309	11341
15	14	1.2025	11342	11348
36	37	0.7025	11348	11354
18	17	1.2025	11349	11355
17	26	1.535	11348	11356
30	29	1.2025	11351	11357
21	35	3.1	11352	11364
4	5	0.7025	11363	11369
8	9	0.7025	11363	11369
57	35	4.0325	11362	11376
18	19	0.7025	11376	11382
27	25	1.925	11375	11383
1	43	4.0025	11316	11386
40	42	1.665	11379	11387
59	58	1.2025	11382	11388
63	60	2.6475	11378	11388
27	26	1.2025	11384	11390
16	18	1.665	11373	11395
20	21	0.7025	11392	11398
9	43	3.17	11382	11398
62	61	1.2025	11393	11399
50	51	0.7025	11396	11402
10	11	0.7025	11403	11409
3	2	1.2025	11407	11413
52	53	0.7025	11415	11421
55	53	1.925	11414	11425
8	10	1.665	11418	11426
25	35	1.8875	11417	11427
41	35	2.6275	11423	11433
14	15	0.7025	11428	11434
19	17	1.925	11426	11434
58	57	1.2025	11430	11436
44	45	0.7025	11434	11440
53	35	2.22	11437	11449
20	22	1.665	11448	11456
44	46	1.665	11448	11456
22	23	0.7025	11454	11460
39	37	1.925	11454	11462
12	14	1.665	11456	11464
51	49	1.925	11457	11465
7	5	1.925	11458	11466
45	51	2.3875	11456	11466
54	53	1.2025	11467	11473
42	41	1.2025	11469	11475
6	5	1.2025	11471	11477
23	21	1.925	11471	11479
43	42	1.2025	11474	11480
28	29	0.7025	11475	11481
49	35	3.07	11473	11485
42	43	0.7025	11485	11492
29	51	3.3275	11480	11494
5	43	5.2675	11474	11496
2	1	1.2025	11491	11497
26	25	1.2025	11497	11503
30	31	0.7025	11497	11503
11	10	1.2025	11499	11505
5	12	1.43	11479	11505
49	35	3.33	11494	11506
35	32	2.6475	11498	11508
43	40	2.6475	11499	11509
17	35	1.725	11496	11513
46	45	1.2025	11507	11513
52	54	1.665	11505	11513
34	33	1.2025	11510	11516
37	35	1.925	11496	11520
36	38	1.665	11512	11520
3	0	2.6475	11513	11523
55	54	1.2025	11517	11523
33	51	2.225	11519	11531
1	12	2.465	11520	11532
19	18	1.2025	11530	11536
11	8	2.6475	11529	11539
62	61	1.2025	11537	11543
6	7	0.7025	11540	11546
53	35	1.955	11545	11557
48	50	1.665	11558	11566
31	29	1.925	11559	11567
47	44	2.6475	11558	11568
9	43	3.17	11555	11571
39	38	1.2025	11566	11572
57	35	4.0325	11566	11580
22	21	1.2025	11576	11582
59	56	2.6475	11583	11593
13	12	1.2025	11588	11594
31	30	1.2025	11591	11597
54	53	1.2025	11594	11600
17	35	2.61	11590	11602
10	9	1.2025	11600	11606
32	33	0.7025	11606	11612
61	51	2.2625	11602	11612
4	6	1.665	11606	11614
15	12	2.6475	11605	11615
26	27	0.7025	11614	11620
0	1	0.7025	11617	11623
21	12	1.54	11607	11623
57	51	2.3675	11616	11626
63	61	1.925	11618	11626
14	13	1.2025	11624	11630
32	34	1.665	11622	11630
21	12	1.16	11621	11632
23	22	1.2025	11630	11636
6	5	1.2025	11632	11638
27	24	2.6475	11628	11638
56	59	2.6275	11629	11639
14	13	1.2025	11636	11642
40	43	2.6275	11633	11643
7	5	1.925	11638	11646
46	45	1.2025	11642	11648
5	12	1.915	11643	11651
29	51	3.8225	11649	11663
24	27	2.6275	11658	11668
2	3	0.7025	11668	11674
30	29	1.2025	11669	11675
18	17	1.2025	11673	11679
34	33	1.2025	11678	11684
41	51	1.8875	11674	11684
55	52	2.6475	11674	11684
7	6	1.2025	11680	11686
12	15	2.6275	11677	11687
50	49	1.2025	11681	11687
37	35	1.925	11681	11689
1	12	2.465	11680	11692
38	37	1.2025	11687	11693
22	21	1.2025	11692	11698
51	50	1.2025	11699	11705
28	30	1.665	11700	11708
9	12	2.6275	11712	11722
61	51	1.9975	11716	11726
17	12	3.59	11710	11733
10	9	1.2025	11729	11735
25	51	2.4475	11723	11737
13	12	1.2025	11733	11740
50	49	1.2025	11737	11743
0	2	1.665	11738	11746
39	36	2.6475	11737	11747
60	61	0.7025	11750	11756
60	62	1.665	11752	11765
42	41	1.2025	11760	11766
26	25	1.2025	11775	11781
34	33	1.2025	11777	11783
19	16	2.6475	11775	11785
37	51	2.615	11782	11794
35	33	1.925	11787	11795
56	57	0.7025	11790	11796
52	55	2.6275	11787	11797
8	11	2.6275	11790	11800
49	51	1.665	11791	11801
47	45	1.925	11797	11805
16	19	2.6275	11796	11806
54	53	1.2025	11800	11806
14	13	1.2025	11807	11813
23	20	2.6475	11805	11815
44	47	2.6275	11812	11822
41	51	2.4975	11812	11822
7	4	2.6475	11820	11830
30	29	1.2025	11825	11831
38	39	0.7025	11832	11838
2	1	1.2025	11839	11845
18	17	1.2025	11840	11846
22	21	1.2025	11851	11857
53	51	1.925	11852	11860
51	48	2.6475	11855	11865
63	61	1.925	11857	11865
10	9	1.2025	11862	11868
53	51	1.925	11859	11869
2	1	1.2025	11865	11871
20	23	2.6275	11861	11871
9	12	2.6275	11863	11873
49	51	1.665	11866	11874
58	57	1.2025	11874	11880
3	1	1.925	11868	11883
35	33	1.925	11880	11888
20	21	0.7025	11883	11889
18	17	1.2025	11884	11890
28	31	2.6275	11886	11896
38	37	1.2025	11890	11896
48	51	2.6275	11888	11898
56	58	1.665	11890	11898
31	28	2.6475	11891	11901
61	58	2.6475	11888	11903
17	12	3.33	11893	11905
15	13	1.925	11897	11905
63	62	1.2025	11902	11908
5	14	0.925	11902	11910
4	7	2.6275	11908	11918
50	49	1.2025	11921	11927
8	9	0.7025	11925	11931
36	39	2.6275	11923	11933
44	45	0.7025	11928	11934
40	41	0.7025	11930	11936
12	13	0.7025	11931	11937
42	41	1.2025	11930	11940
24	25	0.7025	11935	11941
57	51	2.6275	11937	11947
26	25	1.2025	11943	11949
27	25	1.925	11944	11959
30	29	1.2025	11954	11960
25	51	2.4475	11946	11960
43	41	1.925	11953	11961
33	34	0.7025	11960	11966
16	17	0.7025	11962	11968
48	49	0.7025	11963	11969
52	53	0.7025	11964	11970
59	57	1.925	11966	11974
23	21	1.925	11974	11982
6	5	1.2025	11993	11998
16	18	1.665	11999	12007
38	37	1.2025	12006	12012
37	51	3.1	12002	12014
0	3	2.6275	12005	12015
46	45	1.2025	12009	12015
62	61	1.2025	12009	12015
29	30	0.7025	12011	12017
12	14	1.665	12014	12022
47	45	1.925	12016	12024
61	58	2.6475	12021	12031
42	41	1.2025	12026	12032
11	9	1.925	12028	12036
43	41	1.925	12027	12042
56	59	2.6275	12032	12042
2	1	1.2025	12037	12043
11	9	1.925	12039	12047
58	56	1.925	12041	12049
4	5	0.7025	12051	12057
40	42	1.665	12062	12070
26	25	1.2025	12066	12072
3	1	1.925	12066	12074
54	53	1.2025	12068	12074
20	22	1.665	12077	12085
63	60	2.6475	12079	12089
60	63	2.6275	12080	12090
15	13	1.925	12083	12091
8	10	1.665	12087	12095
19	17	1.925	12087	12095
15	14	1.2025	12089	12098
24	26	1.665	12090	12098
6	5	1.2025	12094	12100
12	15	2.6275	12096	12106
27	25	1.925	12099	12107
7	5	1.925	12094	12109
33	34	0.7025	12107	12113
5	14	0.925	12106	12114
36	37	0.7025	12108	12114
28	29	0.7025	12109	12115
23	21	1.925	12115	12123
10	9	1.2025	12120	12126
45	46	0.7025	12123	12129
40	43	2.6275	12123	12133
55	53	1.925	12131	12139
32	35	2.6275	12130	12140
51	49	1.925	12135	12143
59	57	1.925	12136	12144
35	34	1.2025	12141	12147
45	46	0.7025	12144	12150
13	14	0.7025	12146	12152
41	58	1.6475	12148	12158
21	22	0.7025	12156	12162
29	30	0.7025	12162	12168
34	33	1.2025	12164	12170
19	17	1.925	12164	12172
38	37	1.2025	12167	12173
25	14	5.9575	12170	12188
30	29	1.2025	12184	12190
0	1	0.7025	12185	12191
47	46	1.2025	12185	12191
9	10	0.7025	12191	12197
7	6	1.2025	12192	12198
31	29	1.925	12190	12198
44	46	1.665	12191	12199
36	38	1.665	12193	12201
39	37	1.925	12194	12202
1	2	0.7025	12198	12204
52	54	1.665	12200	12208
8	11	2.6275	12193	12210
59	58	1.2025	12204	12210
48	50	1.665	12206	12214
44	47	2.6275	12206	12216
22	21	1.2025	12224	12230
43	42	1.2025	12225	12231
13	14	0.7025	12227	12233
28	30	1.665	12229	12237
40	41	0.7025	12231	12237
11	10	1.2025	12233	12239
57	58	0.7025	12234	12240
50	49	1.2025	12236	12242
48	51	2.6275	12234	12244
20	23	2.6275	12236	12246
32	33	0.7025	12241	12247
3	2	1.2025	12243	12249
49	58	0.925	12239	12252
46	44	1.925	12247	12255
18	17	1.2025	12260	12266
63	61	1.925	12259	12267
56	57	0.7025	12262	12268
14	13	1.2025	12264	12270
41	58	1.6475	12262	12272
4	6	1.665	12274	12282
58	57	1.2025	12279	12285
53	58	2.875	12277	12289
24	27	2.6275	12280	12290
17	14	5.255	12279	12295
55	53	1.925	12292	12300
1	2	0.7025	12298	12304
16	19	2.6275	12282	12306
15	12	2.6475	12297	12307
33	32	1.2025	12312	12318
51	49	1.925	12310	12318
54	52	1.925	12314	12322
62	60	1.925	12316	12324
24	25	0.7025	12319	12325
31	29	1.925	12322	12330
32	34	1.665	12327	12335
53	58	3.11	12327	12339
6	5	1.2025	12342	12348
35	32	2.6475	12338	12348
2	1	1.2025	12344	12350
47	44	2.6475	12344	12354
21	22	0.7025	12355	12361
29	28	1.2025	12356	12362
44	45	0.7025	12363	12369
52	55	2.6275	12361	12371
57	58	0.7025	12367	12373
31	30	1.2025	12374	12380
58	56	1.925	12375	12383
42	41	1.2025	12379	12385
55	54	1.2025	12383	12389
28	31	2.6275	12380	12390
7	5	1.925	12383	12391
39	37	1.925	12387	12395
19	18	1.2025	12391	12397
27	26	1.2025	12391	12397
25	14	6.4775	12382	12400
49	58	1.535	12392	12400
13	12	1.2025	12396	12402
11	8	2.6475	12393	12403
34	32	1.925	12395	12403
60	61	0.7025	12399	12405
43	40	2.6475	12401	12411
60	62	1.665	12404	12414
1	0	1.2025	12410	12416
26	25	1.2025	12411	12417
37	38	0.7025	12418	12424
4	7	2.6275	12416	12426
43	41	1.925	12422	12430
17	14	5.255	12417	12433
3	0	2.6475	12426	12436
36	39	2.6275	12429	12439
12	13	0.7025	12431	12442
3	1	1.925	12436	12445
27	24	2.6475	12436	12446
23	22	1.2025	12445	12451
51	50	1.2025	12445	12451
16	17	0.7025	12449	12455
35	33	1.925	12453	12461
47	45	1.925	12455	12463
45	44	1.2025	12458	12464
56	57	0.7025	12458	12464
33	32	1.2025	12466	12472
7	6	1.2025	12472	12478
46	45	1.2025	12474	12480
48	49	0.7025	12474	12480
52	53	0.7025	12475	12481
45	44	1.2025	12478	12484
21	20	1.2025	12479	12485
32	35	2.6275	12475	12485
59	56	2.6475	12475	12485
0	2	1.665	12479	12487
61	62	0.7025	12481	12487
15	13	1.925	12480	12488
24	25	0.7025	12486	12492
22	20	1.925	12493	12501
10	8	1.925	12494	12502
62	61	1.2025	12498	12504
40	41	0.7025	12509	12515
19	16	2.6475	12507	12517
37	38	0.7025	12511	12517
59	57	1.925	12512	12520
63	62	1.2025	12516	12522
51	48	2.6475	12513	12523
0	3	2.6275	12520	12530
9	10	0.7025	12526	12532
55	52	2.6475	12522	12532
18	16	1.925	12525	12533
50	48	1.925	12527	12535
8	9	0.7025	12530	12536
9	8	1.2025	12538	12544
23	20	2.6475	12536	12546
48	49	0.7025	12546	12552
5	6	0.7025	12551	12557
30	28	1.925	12550	12558
12	13	0.7025	12555	12561
39	38	1.2025	12556	12562
11	9	1.925	12555	12563
34	33	1.2025	12561	12567
8	9	0.7025	12560	12568
46	44	1.925	12565	12573
4	5	0.7025	12568	12574
20	21	0.7025	12570	12576
5	6	0.7025	12573	12579
40	42	1.665	12578	12586
14	12	1.925	12580	12588
31	28	2.6475	12578	12588
57	58	0.7025	12591	12597
29	28	1.2025	12592	12598
36	37	0.7025	12593	12599
63	61	1.925	12592	12600
52	53	0.7025	12604	12610
21	20	1.2025	12605	12611
56	58	1.665	12608	12616
33	35	1.665	12609	12617
