71	0	17	303
0	1	9	17	
1651	0	17	1924
0	1	9	17	
6266	0	17	6484
0	1	9	17	
12828	0	17	13931
0	1	9	17	
20917	0	17	21388
0	1	9	17	
26949	0	17	27525
0	1	9	17	
33646	0	17	33712
0	1	9	17	
40978	0	17	41402
0	1	9	17	
47457	0	17	47606
0	1	9	17	
55069	0	17	55304
0	1	9	17	
62149	0	17	62362
0	1	9	17	
68976	0	17	69049
0	1	9	17	
75160	0	17	75376
0	1	9	17	
81714	0	17	82302
0	1	9	17	
88691	0	17	88876
0	1	9	17	
94597	0	17	94700
0	1	9	17	
101023	0	17	101430
0	1	9	17	
107094	0	17	107159
0	1	9	17	
113568	0	17	114033
0	1	9	17	
120038	0	17	120248
0	1	9	17	
126822	0	17	127009
0	1	9	17	
132941	0	17	133186
0	1	9	17	
139781	0	17	140790
0	1	9	17	
145648	0	17	146144
0	1	9	17	
151886	0	17	152309
0	1	9	17	
158765	0	17	159495
0	1	9	17	
167302	0	17	167365
0	1	9	17	
173575	0	17	174024
0	1	9	17	
180300	0	17	180845
0	1	9	17	
187823	0	17	188045
0	1	9	17	
194961	0	17	195123
0	1	9	17	
201740	0	17	202378
0	1	9	17	
208150	0	17	208331
0	1	9	17	
214763	0	17	214824
0	1	9	17	
221440	0	17	221544
0	1	9	17	
228027	0	17	228247
0	1	9	17	
234726	0	17	235568
0	1	9	17	
242810	0	17	242942
0	1	9	17	
249824	0	17	250284
0	1	9	17	
257043	0	17	257127
0	1	9	17	
264847	0	17	265322
0	1	9	17	
272620	0	17	273517
0	1	9	17	
279221	0	17	279439
0	1	9	17	
286043	0	17	286096
0	1	9	17	
293029	0	17	293210
0	1	9	17	
299874	0	17	300172
0	1	9	17	
305955	0	17	306014
0	1	9	17	
313580	0	17	313661
0	1	9	17	
321663	0	17	321724
0	1	9	17	
327164	0	17	327758
0	1	9	17	
333474	0	17	333776
0	1	9	17	
340197	0	17	340442
0	1	9	17	
346411	0	17	346465
0	1	9	17	
353769	0	17	354541
0	1	9	17	
360398	0	17	360553
0	1	9	17	
368440	0	17	368587
0	1	9	17	
375873	0	17	376128
0	1	9	17	
381841	0	17	382245
0	1	9	17	
389501	0	17	389563
0	1	9	17	
397688	0	17	398343
0	1	9	17	
404094	0	17	404216
0	1	9	17	
410592	0	17	410796
0	1	9	17	
416999	0	17	417425
0	1	9	17	
424335	0	17	424879
0	1	9	17	
431404	0	17	431742
0	1	9	17	
438772	0	17	438987
0	1	9	17	
444612	0	17	444895
0	1	9	17	
451887	0	17	452295
0	1	9	17	
459394	0	17	459691
0	1	9	17	
466538	0	17	467029
0	1	9	17	
473839	0	17	474099
0	1	9	17	
481210	0	17	481277
0	1	9	17	
487296	0	17	487673
0	1	9	17	
494798	0	17	495000
0	1	9	17	
501176	0	17	501369
0	1	9	17	
508726	0	17	509076
0	1	9	17	
516732	0	17	516870
0	1	9	17	
523499	0	17	523780
0	1	9	17	
529870	0	17	530266
0	1	9	17	
536287	0	17	536602
0	1	9	17	
